/home/daniel/Projects/GIT/PhD/binocs-experiment/images/ds1/butterfly2.jpg
750 462
1
7 117 678 344 
1
7242
91 137
92 137
93 137
94 137
95 137
96 137
97 137
98 137
99 137
100 137
101 137
102 137
103 137
104 137
82 138
83 138
84 138
85 138
86 138
87 138
88 138
89 138
90 138
91 138
92 138
93 138
94 138
95 138
96 138
97 138
98 138
99 138
100 138
101 138
102 138
103 138
104 138
105 138
106 138
107 138
108 138
109 138
110 138
111 138
112 138
79 139
80 139
81 139
82 139
83 139
84 139
85 139
86 139
87 139
88 139
89 139
90 139
91 139
92 139
93 139
94 139
95 139
96 139
97 139
98 139
99 139
100 139
101 139
102 139
103 139
104 139
105 139
106 139
107 139
108 139
109 139
110 139
111 139
112 139
113 139
114 139
115 139
116 139
74 140
75 140
76 140
77 140
78 140
79 140
80 140
81 140
82 140
83 140
84 140
85 140
86 140
87 140
88 140
89 140
90 140
91 140
92 140
93 140
94 140
95 140
96 140
97 140
98 140
99 140
100 140
101 140
102 140
103 140
104 140
105 140
106 140
107 140
108 140
109 140
110 140
111 140
112 140
113 140
114 140
115 140
116 140
117 140
118 140
72 141
73 141
74 141
75 141
76 141
77 141
78 141
79 141
80 141
81 141
82 141
83 141
84 141
85 141
86 141
87 141
88 141
89 141
90 141
91 141
92 141
93 141
94 141
95 141
96 141
97 141
98 141
99 141
100 141
101 141
102 141
103 141
104 141
105 141
106 141
107 141
108 141
109 141
110 141
111 141
112 141
113 141
114 141
115 141
116 141
117 141
118 141
119 141
120 141
71 142
72 142
73 142
74 142
75 142
76 142
77 142
78 142
79 142
80 142
81 142
82 142
83 142
84 142
85 142
86 142
87 142
88 142
89 142
90 142
104 142
105 142
106 142
107 142
108 142
109 142
110 142
111 142
112 142
113 142
114 142
115 142
116 142
117 142
118 142
119 142
120 142
121 142
122 142
67 143
68 143
69 143
70 143
71 143
72 143
73 143
74 143
75 143
76 143
77 143
78 143
79 143
80 143
81 143
82 143
112 143
113 143
114 143
115 143
116 143
117 143
118 143
119 143
120 143
121 143
122 143
123 143
124 143
65 144
66 144
67 144
68 144
69 144
70 144
71 144
72 144
73 144
74 144
75 144
76 144
77 144
78 144
79 144
116 144
117 144
118 144
119 144
120 144
121 144
122 144
123 144
124 144
65 145
66 145
67 145
68 145
69 145
70 145
71 145
72 145
73 145
74 145
118 145
119 145
120 145
121 145
122 145
123 145
124 145
125 145
126 145
63 146
64 146
65 146
66 146
67 146
68 146
69 146
70 146
71 146
72 146
73 146
120 146
121 146
122 146
123 146
124 146
125 146
126 146
127 146
128 146
61 147
62 147
63 147
64 147
65 147
66 147
67 147
68 147
69 147
70 147
71 147
122 147
123 147
124 147
125 147
126 147
127 147
128 147
129 147
130 147
61 148
62 148
63 148
64 148
65 148
66 148
67 148
124 148
125 148
126 148
127 148
128 148
129 148
130 148
131 148
132 148
59 149
60 149
61 149
62 149
63 149
64 149
65 149
124 149
125 149
126 149
127 149
128 149
129 149
130 149
131 149
132 149
133 149
134 149
135 149
57 150
58 150
59 150
60 150
61 150
62 150
63 150
64 150
65 150
126 150
127 150
128 150
129 150
130 150
131 150
132 150
133 150
134 150
135 150
136 150
137 150
138 150
57 151
58 151
59 151
60 151
61 151
62 151
63 151
128 151
129 151
130 151
131 151
132 151
133 151
134 151
135 151
136 151
137 151
138 151
139 151
140 151
141 151
55 152
56 152
57 152
58 152
59 152
60 152
61 152
130 152
131 152
132 152
133 152
134 152
135 152
136 152
137 152
138 152
139 152
140 152
141 152
142 152
143 152
53 153
54 153
55 153
56 153
57 153
58 153
59 153
60 153
61 153
132 153
133 153
134 153
135 153
136 153
137 153
138 153
139 153
140 153
141 153
142 153
143 153
144 153
145 153
53 154
54 154
55 154
56 154
57 154
58 154
59 154
136 154
137 154
138 154
139 154
140 154
141 154
142 154
143 154
144 154
145 154
146 154
147 154
148 154
52 155
53 155
54 155
55 155
56 155
57 155
139 155
140 155
141 155
142 155
143 155
144 155
145 155
146 155
147 155
148 155
149 155
51 156
52 156
53 156
54 156
55 156
56 156
57 156
141 156
142 156
143 156
144 156
145 156
146 156
147 156
148 156
149 156
150 156
151 156
50 157
51 157
52 157
53 157
54 157
55 157
144 157
145 157
146 157
147 157
148 157
149 157
150 157
151 157
152 157
153 157
48 158
49 158
50 158
51 158
52 158
53 158
146 158
147 158
148 158
149 158
150 158
151 158
152 158
153 158
154 158
155 158
48 159
49 159
50 159
51 159
52 159
149 159
150 159
151 159
152 159
153 159
154 159
155 159
47 160
48 160
49 160
50 160
51 160
52 160
149 160
150 160
151 160
152 160
153 160
154 160
155 160
156 160
47 161
48 161
49 161
50 161
51 161
151 161
152 161
153 161
154 161
155 161
156 161
157 161
46 162
47 162
48 162
49 162
50 162
51 162
153 162
154 162
155 162
156 162
157 162
158 162
45 163
46 163
47 163
48 163
49 163
155 163
156 163
157 163
158 163
159 163
44 164
45 164
46 164
47 164
48 164
156 164
157 164
158 164
159 164
160 164
43 165
44 165
45 165
46 165
47 165
157 165
158 165
159 165
160 165
161 165
42 166
43 166
44 166
45 166
46 166
158 166
159 166
160 166
161 166
162 166
41 167
42 167
43 167
44 167
45 167
159 167
160 167
161 167
162 167
163 167
39 168
40 168
41 168
42 168
43 168
44 168
160 168
161 168
162 168
163 168
164 168
39 169
40 169
41 169
42 169
43 169
161 169
162 169
163 169
164 169
165 169
166 169
38 170
39 170
40 170
41 170
42 170
43 170
162 170
163 170
164 170
165 170
166 170
38 171
39 171
40 171
41 171
42 171
162 171
163 171
164 171
165 171
166 171
167 171
373 171
374 171
375 171
376 171
377 171
378 171
379 171
37 172
38 172
39 172
40 172
41 172
42 172
163 172
164 172
165 172
166 172
167 172
372 172
373 172
374 172
375 172
376 172
377 172
378 172
379 172
380 172
37 173
38 173
39 173
40 173
41 173
163 173
164 173
165 173
166 173
167 173
168 173
370 173
371 173
372 173
373 173
374 173
375 173
376 173
377 173
378 173
379 173
380 173
381 173
382 173
36 174
37 174
38 174
39 174
40 174
41 174
165 174
166 174
167 174
168 174
169 174
369 174
370 174
371 174
372 174
373 174
374 174
375 174
376 174
377 174
378 174
379 174
380 174
381 174
382 174
383 174
384 174
36 175
37 175
38 175
39 175
40 175
166 175
167 175
168 175
169 175
170 175
368 175
369 175
370 175
371 175
372 175
373 175
374 175
375 175
376 175
377 175
378 175
379 175
380 175
381 175
382 175
383 175
384 175
385 175
36 176
37 176
38 176
39 176
40 176
167 176
168 176
169 176
170 176
171 176
368 176
369 176
370 176
371 176
372 176
379 176
380 176
381 176
382 176
383 176
384 176
385 176
386 176
36 177
37 177
38 177
39 177
40 177
168 177
169 177
170 177
171 177
172 177
368 177
369 177
370 177
371 177
372 177
381 177
382 177
383 177
384 177
385 177
386 177
387 177
36 178
37 178
38 178
39 178
40 178
169 178
170 178
171 178
172 178
173 178
368 178
369 178
370 178
371 178
372 178
382 178
383 178
384 178
385 178
386 178
387 178
388 178
36 179
37 179
38 179
39 179
40 179
170 179
171 179
172 179
173 179
174 179
368 179
369 179
370 179
371 179
372 179
384 179
385 179
386 179
387 179
388 179
389 179
36 180
37 180
38 180
39 180
40 180
171 180
172 180
173 180
174 180
175 180
368 180
369 180
370 180
371 180
372 180
385 180
386 180
387 180
388 180
389 180
390 180
36 181
37 181
38 181
39 181
40 181
172 181
173 181
174 181
175 181
176 181
368 181
369 181
370 181
371 181
372 181
386 181
387 181
388 181
389 181
390 181
391 181
36 182
37 182
38 182
39 182
40 182
173 182
174 182
175 182
176 182
177 182
368 182
369 182
370 182
371 182
372 182
387 182
388 182
389 182
390 182
391 182
36 183
37 183
38 183
39 183
40 183
174 183
175 183
176 183
177 183
178 183
368 183
369 183
370 183
371 183
372 183
388 183
389 183
390 183
391 183
392 183
37 184
38 184
39 184
40 184
41 184
175 184
176 184
177 184
178 184
179 184
368 184
369 184
370 184
371 184
372 184
389 184
390 184
391 184
392 184
393 184
38 185
39 185
40 185
41 185
42 185
176 185
177 185
178 185
179 185
180 185
368 185
369 185
370 185
371 185
372 185
389 185
390 185
391 185
392 185
393 185
38 186
39 186
40 186
41 186
42 186
177 186
178 186
179 186
180 186
181 186
368 186
369 186
370 186
371 186
372 186
389 186
390 186
391 186
392 186
393 186
39 187
40 187
41 187
42 187
43 187
178 187
179 187
180 187
181 187
182 187
183 187
368 187
369 187
370 187
371 187
372 187
390 187
391 187
392 187
393 187
394 187
40 188
41 188
42 188
43 188
44 188
45 188
46 188
179 188
180 188
181 188
182 188
183 188
368 188
369 188
370 188
371 188
372 188
390 188
391 188
392 188
393 188
394 188
41 189
42 189
43 189
44 189
45 189
46 189
47 189
179 189
180 189
181 189
182 189
183 189
184 189
368 189
369 189
370 189
371 189
372 189
390 189
391 189
392 189
393 189
394 189
42 190
43 190
44 190
45 190
46 190
47 190
48 190
49 190
180 190
181 190
182 190
183 190
184 190
185 190
368 190
369 190
370 190
371 190
372 190
391 190
392 190
393 190
394 190
395 190
43 191
44 191
45 191
46 191
47 191
48 191
49 191
50 191
51 191
180 191
181 191
182 191
183 191
184 191
185 191
368 191
369 191
370 191
371 191
372 191
391 191
392 191
393 191
394 191
395 191
44 192
45 192
46 192
47 192
48 192
49 192
50 192
51 192
52 192
53 192
181 192
182 192
183 192
184 192
185 192
186 192
369 192
370 192
371 192
372 192
373 192
391 192
392 192
393 192
394 192
395 192
396 192
47 193
48 193
49 193
50 193
51 193
52 193
53 193
182 193
183 193
184 193
185 193
186 193
369 193
370 193
371 193
372 193
373 193
392 193
393 193
394 193
395 193
396 193
47 194
48 194
49 194
50 194
51 194
52 194
53 194
54 194
55 194
182 194
183 194
184 194
185 194
186 194
187 194
369 194
370 194
371 194
372 194
373 194
374 194
392 194
393 194
394 194
395 194
396 194
49 195
50 195
51 195
52 195
53 195
54 195
55 195
56 195
57 195
184 195
185 195
186 195
187 195
188 195
370 195
371 195
372 195
373 195
374 195
392 195
393 195
394 195
395 195
396 195
50 196
51 196
52 196
53 196
54 196
55 196
56 196
57 196
58 196
185 196
186 196
187 196
188 196
189 196
370 196
371 196
372 196
373 196
374 196
375 196
376 196
393 196
394 196
395 196
396 196
397 196
51 197
52 197
53 197
54 197
55 197
56 197
57 197
58 197
59 197
60 197
79 197
186 197
187 197
188 197
189 197
190 197
372 197
373 197
374 197
375 197
376 197
377 197
378 197
393 197
394 197
395 197
396 197
397 197
53 198
54 198
55 198
56 198
57 198
58 198
59 198
60 198
61 198
62 198
63 198
64 198
65 198
66 198
67 198
68 198
69 198
70 198
71 198
72 198
73 198
74 198
75 198
76 198
77 198
78 198
79 198
80 198
187 198
188 198
189 198
190 198
191 198
373 198
374 198
375 198
376 198
377 198
378 198
379 198
394 198
395 198
396 198
397 198
398 198
55 199
56 199
57 199
58 199
59 199
60 199
61 199
62 199
63 199
64 199
65 199
66 199
67 199
68 199
69 199
70 199
71 199
72 199
73 199
74 199
75 199
76 199
77 199
78 199
79 199
80 199
81 199
188 199
189 199
190 199
191 199
192 199
193 199
374 199
375 199
376 199
377 199
378 199
379 199
380 199
394 199
395 199
396 199
397 199
398 199
399 199
58 200
59 200
60 200
61 200
62 200
63 200
64 200
65 200
66 200
67 200
68 200
69 200
70 200
71 200
72 200
73 200
74 200
75 200
76 200
77 200
78 200
79 200
80 200
189 200
190 200
191 200
192 200
193 200
194 200
195 200
375 200
376 200
377 200
378 200
379 200
380 200
381 200
395 200
396 200
397 200
398 200
399 200
58 201
59 201
60 201
61 201
62 201
63 201
64 201
65 201
66 201
67 201
68 201
69 201
70 201
71 201
72 201
73 201
74 201
75 201
76 201
77 201
78 201
79 201
190 201
191 201
192 201
193 201
194 201
195 201
196 201
197 201
377 201
378 201
379 201
380 201
381 201
395 201
396 201
397 201
398 201
399 201
400 201
60 202
61 202
62 202
63 202
64 202
65 202
66 202
67 202
68 202
69 202
70 202
71 202
72 202
73 202
74 202
75 202
76 202
77 202
78 202
191 202
192 202
193 202
194 202
195 202
196 202
197 202
198 202
199 202
378 202
379 202
380 202
381 202
382 202
396 202
397 202
398 202
399 202
400 202
191 203
192 203
193 203
194 203
195 203
196 203
197 203
198 203
199 203
200 203
201 203
379 203
380 203
381 203
382 203
383 203
396 203
397 203
398 203
399 203
400 203
193 204
194 204
195 204
196 204
197 204
198 204
199 204
200 204
201 204
202 204
379 204
380 204
381 204
382 204
383 204
396 204
397 204
398 204
399 204
400 204
401 204
195 205
196 205
197 205
198 205
199 205
200 205
201 205
202 205
203 205
204 205
379 205
380 205
381 205
382 205
383 205
397 205
398 205
399 205
400 205
401 205
197 206
198 206
199 206
200 206
201 206
202 206
203 206
204 206
205 206
379 206
380 206
381 206
382 206
383 206
397 206
398 206
399 206
400 206
401 206
402 206
199 207
200 207
201 207
202 207
203 207
204 207
205 207
206 207
207 207
208 207
379 207
380 207
381 207
382 207
383 207
398 207
399 207
400 207
401 207
402 207
200 208
201 208
202 208
203 208
204 208
205 208
206 208
207 208
208 208
209 208
210 208
211 208
267 208
268 208
269 208
270 208
271 208
272 208
273 208
274 208
275 208
276 208
277 208
278 208
279 208
280 208
379 208
380 208
381 208
382 208
383 208
398 208
399 208
400 208
401 208
402 208
403 208
202 209
203 209
204 209
205 209
206 209
207 209
208 209
209 209
210 209
211 209
212 209
213 209
263 209
264 209
265 209
266 209
267 209
268 209
269 209
270 209
271 209
272 209
273 209
274 209
275 209
276 209
277 209
278 209
279 209
280 209
281 209
282 209
379 209
380 209
381 209
382 209
383 209
399 209
400 209
401 209
402 209
403 209
404 209
203 210
204 210
205 210
206 210
207 210
208 210
209 210
210 210
211 210
212 210
213 210
214 210
215 210
216 210
217 210
259 210
260 210
261 210
262 210
263 210
264 210
265 210
266 210
267 210
268 210
269 210
270 210
271 210
272 210
273 210
274 210
275 210
276 210
277 210
278 210
279 210
280 210
281 210
282 210
283 210
284 210
285 210
379 210
380 210
381 210
382 210
383 210
399 210
400 210
401 210
402 210
403 210
404 210
205 211
206 211
207 211
208 211
209 211
210 211
211 211
212 211
213 211
214 211
215 211
216 211
217 211
218 211
219 211
220 211
221 211
222 211
255 211
256 211
257 211
258 211
259 211
260 211
261 211
262 211
263 211
264 211
265 211
266 211
267 211
268 211
269 211
270 211
271 211
272 211
273 211
274 211
275 211
276 211
277 211
278 211
279 211
280 211
281 211
282 211
283 211
284 211
285 211
286 211
379 211
380 211
381 211
382 211
383 211
400 211
401 211
402 211
403 211
404 211
405 211
208 212
209 212
210 212
211 212
212 212
213 212
214 212
215 212
216 212
217 212
218 212
219 212
220 212
221 212
222 212
223 212
224 212
225 212
226 212
227 212
228 212
229 212
230 212
231 212
232 212
233 212
234 212
235 212
236 212
237 212
238 212
239 212
240 212
241 212
242 212
243 212
244 212
245 212
246 212
247 212
248 212
249 212
250 212
251 212
252 212
253 212
254 212
255 212
256 212
257 212
258 212
259 212
260 212
261 212
262 212
263 212
264 212
265 212
266 212
267 212
268 212
269 212
270 212
271 212
272 212
273 212
274 212
275 212
276 212
277 212
278 212
279 212
280 212
281 212
282 212
283 212
284 212
285 212
286 212
287 212
288 212
379 212
380 212
381 212
382 212
383 212
401 212
402 212
403 212
404 212
405 212
211 213
212 213
213 213
214 213
215 213
216 213
217 213
218 213
219 213
220 213
221 213
222 213
223 213
224 213
225 213
226 213
227 213
228 213
229 213
230 213
231 213
232 213
233 213
234 213
235 213
236 213
237 213
238 213
239 213
240 213
241 213
242 213
243 213
244 213
245 213
246 213
247 213
248 213
249 213
250 213
251 213
252 213
253 213
254 213
255 213
256 213
257 213
258 213
259 213
260 213
261 213
262 213
263 213
264 213
265 213
266 213
267 213
280 213
281 213
282 213
283 213
284 213
285 213
286 213
287 213
288 213
289 213
290 213
379 213
380 213
381 213
382 213
383 213
401 213
402 213
403 213
404 213
405 213
406 213
213 214
214 214
215 214
216 214
217 214
218 214
219 214
220 214
221 214
222 214
223 214
224 214
225 214
226 214
227 214
228 214
229 214
230 214
231 214
232 214
233 214
234 214
235 214
236 214
237 214
238 214
239 214
240 214
241 214
242 214
243 214
244 214
245 214
246 214
247 214
248 214
249 214
250 214
251 214
252 214
253 214
254 214
255 214
256 214
257 214
258 214
259 214
260 214
261 214
262 214
263 214
283 214
284 214
285 214
286 214
287 214
288 214
289 214
290 214
379 214
380 214
381 214
382 214
383 214
402 214
403 214
404 214
405 214
406 214
217 215
218 215
219 215
220 215
221 215
222 215
223 215
224 215
225 215
226 215
227 215
228 215
229 215
230 215
231 215
232 215
233 215
234 215
235 215
236 215
237 215
238 215
239 215
240 215
241 215
242 215
243 215
244 215
245 215
246 215
247 215
248 215
249 215
250 215
251 215
252 215
253 215
254 215
255 215
256 215
257 215
258 215
259 215
286 215
287 215
288 215
289 215
290 215
291 215
292 215
379 215
380 215
381 215
382 215
383 215
402 215
403 215
404 215
405 215
406 215
407 215
408 215
222 216
223 216
224 216
225 216
226 216
227 216
228 216
229 216
230 216
231 216
232 216
233 216
234 216
235 216
236 216
237 216
238 216
239 216
240 216
241 216
242 216
243 216
244 216
245 216
246 216
247 216
248 216
249 216
250 216
251 216
252 216
253 216
254 216
255 216
286 216
287 216
288 216
289 216
290 216
291 216
292 216
379 216
380 216
381 216
382 216
383 216
404 216
405 216
406 216
407 216
408 216
409 216
410 216
288 217
289 217
290 217
291 217
292 217
293 217
379 217
380 217
381 217
382 217
383 217
405 217
406 217
407 217
408 217
409 217
410 217
289 218
290 218
291 218
292 218
293 218
379 218
380 218
381 218
382 218
383 218
406 218
407 218
408 218
409 218
410 218
411 218
412 218
289 219
290 219
291 219
292 219
293 219
294 219
295 219
379 219
380 219
381 219
382 219
383 219
406 219
407 219
408 219
409 219
410 219
411 219
412 219
413 219
414 219
290 220
291 220
292 220
293 220
294 220
295 220
296 220
379 220
380 220
381 220
382 220
383 220
408 220
409 220
410 220
411 220
412 220
413 220
414 220
415 220
290 221
291 221
292 221
293 221
294 221
295 221
296 221
379 221
380 221
381 221
382 221
383 221
410 221
411 221
412 221
413 221
414 221
415 221
416 221
417 221
291 222
292 222
293 222
294 222
295 222
296 222
297 222
378 222
379 222
380 222
381 222
382 222
383 222
410 222
411 222
412 222
413 222
414 222
415 222
416 222
417 222
418 222
293 223
294 223
295 223
296 223
297 223
378 223
379 223
380 223
381 223
382 223
412 223
413 223
414 223
415 223
416 223
417 223
418 223
419 223
293 224
294 224
295 224
296 224
297 224
298 224
299 224
378 224
379 224
380 224
381 224
382 224
413 224
414 224
415 224
416 224
417 224
418 224
419 224
420 224
421 224
295 225
296 225
297 225
298 225
299 225
378 225
379 225
380 225
381 225
382 225
415 225
416 225
417 225
418 225
419 225
420 225
421 225
422 225
423 225
295 226
296 226
297 226
298 226
299 226
300 226
378 226
379 226
380 226
381 226
382 226
417 226
418 226
419 226
420 226
421 226
422 226
423 226
424 226
425 226
426 226
296 227
297 227
298 227
299 227
300 227
378 227
379 227
380 227
381 227
382 227
419 227
420 227
421 227
422 227
423 227
424 227
425 227
426 227
427 227
296 228
297 228
298 228
299 228
300 228
378 228
379 228
380 228
381 228
382 228
420 228
421 228
422 228
423 228
424 228
425 228
426 228
427 228
428 228
429 228
430 228
296 229
297 229
298 229
299 229
300 229
378 229
379 229
380 229
381 229
382 229
421 229
422 229
423 229
424 229
425 229
426 229
427 229
428 229
429 229
430 229
431 229
432 229
433 229
297 230
298 230
299 230
300 230
301 230
302 230
377 230
378 230
379 230
380 230
381 230
382 230
423 230
424 230
425 230
426 230
427 230
428 230
429 230
430 230
431 230
432 230
433 230
434 230
435 230
436 230
298 231
299 231
300 231
301 231
302 231
377 231
378 231
379 231
380 231
381 231
427 231
428 231
429 231
430 231
431 231
432 231
433 231
434 231
435 231
436 231
437 231
438 231
439 231
440 231
298 232
299 232
300 232
301 232
302 232
303 232
377 232
378 232
379 232
380 232
381 232
428 232
429 232
430 232
431 232
432 232
433 232
434 232
435 232
436 232
437 232
438 232
439 232
440 232
441 232
442 232
443 232
444 232
299 233
300 233
301 233
302 233
303 233
377 233
378 233
379 233
380 233
381 233
431 233
432 233
433 233
434 233
435 233
436 233
437 233
438 233
439 233
440 233
441 233
442 233
443 233
444 233
445 233
446 233
447 233
299 234
300 234
301 234
302 234
303 234
377 234
378 234
379 234
380 234
381 234
433 234
434 234
435 234
436 234
437 234
438 234
439 234
440 234
441 234
442 234
443 234
444 234
445 234
446 234
447 234
448 234
449 234
450 234
451 234
299 235
300 235
301 235
302 235
303 235
377 235
378 235
379 235
380 235
381 235
436 235
437 235
438 235
439 235
440 235
441 235
442 235
443 235
444 235
445 235
446 235
447 235
448 235
449 235
450 235
451 235
452 235
453 235
299 236
300 236
301 236
302 236
303 236
376 236
377 236
378 236
379 236
380 236
381 236
440 236
441 236
442 236
443 236
444 236
445 236
446 236
447 236
448 236
449 236
450 236
451 236
452 236
453 236
454 236
455 236
456 236
299 237
300 237
301 237
302 237
303 237
376 237
377 237
378 237
379 237
380 237
444 237
445 237
446 237
447 237
448 237
449 237
450 237
451 237
452 237
453 237
454 237
455 237
456 237
457 237
458 237
459 237
460 237
299 238
300 238
301 238
302 238
303 238
376 238
377 238
378 238
379 238
380 238
447 238
448 238
449 238
450 238
451 238
452 238
453 238
454 238
455 238
456 238
457 238
458 238
459 238
460 238
461 238
462 238
463 238
464 238
299 239
300 239
301 239
302 239
303 239
376 239
377 239
378 239
379 239
380 239
451 239
452 239
453 239
454 239
455 239
456 239
457 239
458 239
459 239
460 239
461 239
462 239
463 239
464 239
465 239
466 239
467 239
468 239
299 240
300 240
301 240
302 240
303 240
375 240
376 240
377 240
378 240
379 240
380 240
453 240
454 240
455 240
456 240
457 240
458 240
459 240
460 240
461 240
462 240
463 240
464 240
465 240
466 240
467 240
468 240
469 240
470 240
471 240
472 240
473 240
474 240
475 240
476 240
477 240
478 240
299 241
300 241
301 241
302 241
303 241
375 241
376 241
377 241
378 241
379 241
456 241
457 241
458 241
459 241
460 241
461 241
462 241
463 241
464 241
465 241
466 241
467 241
468 241
469 241
470 241
471 241
472 241
473 241
474 241
475 241
476 241
477 241
478 241
479 241
480 241
481 241
482 241
483 241
484 241
485 241
486 241
487 241
488 241
489 241
490 241
491 241
492 241
493 241
299 242
300 242
301 242
302 242
303 242
375 242
376 242
377 242
378 242
379 242
461 242
462 242
463 242
464 242
465 242
466 242
467 242
468 242
469 242
470 242
471 242
472 242
473 242
474 242
475 242
476 242
477 242
478 242
479 242
480 242
481 242
482 242
483 242
484 242
485 242
486 242
487 242
488 242
489 242
490 242
491 242
492 242
493 242
494 242
495 242
496 242
497 242
498 242
499 242
500 242
299 243
300 243
301 243
302 243
303 243
375 243
376 243
377 243
378 243
379 243
464 243
465 243
466 243
467 243
468 243
469 243
470 243
471 243
472 243
473 243
474 243
475 243
476 243
477 243
478 243
479 243
480 243
481 243
482 243
483 243
484 243
485 243
486 243
487 243
488 243
489 243
490 243
491 243
492 243
493 243
494 243
495 243
496 243
497 243
498 243
499 243
500 243
501 243
502 243
503 243
299 244
300 244
301 244
302 244
303 244
374 244
375 244
376 244
377 244
378 244
379 244
469 244
470 244
471 244
472 244
473 244
474 244
475 244
476 244
477 244
478 244
479 244
480 244
481 244
482 244
483 244
484 244
485 244
486 244
487 244
488 244
489 244
490 244
491 244
492 244
493 244
494 244
495 244
496 244
497 244
498 244
499 244
500 244
501 244
502 244
503 244
504 244
505 244
506 244
507 244
299 245
300 245
301 245
302 245
303 245
374 245
375 245
376 245
377 245
378 245
478 245
479 245
480 245
481 245
482 245
483 245
484 245
485 245
486 245
487 245
488 245
489 245
490 245
491 245
492 245
493 245
494 245
495 245
496 245
497 245
498 245
499 245
500 245
501 245
502 245
503 245
504 245
505 245
506 245
507 245
508 245
509 245
510 245
299 246
300 246
301 246
302 246
303 246
374 246
375 246
376 246
377 246
378 246
493 246
494 246
495 246
496 246
497 246
498 246
499 246
500 246
501 246
502 246
503 246
504 246
505 246
506 246
507 246
508 246
509 246
510 246
511 246
299 247
300 247
301 247
302 247
303 247
374 247
375 247
376 247
377 247
378 247
501 247
502 247
503 247
504 247
505 247
506 247
507 247
508 247
509 247
510 247
511 247
512 247
513 247
299 248
300 248
301 248
302 248
303 248
374 248
375 248
376 248
377 248
378 248
504 248
505 248
506 248
507 248
508 248
509 248
510 248
511 248
512 248
513 248
514 248
299 249
300 249
301 249
302 249
303 249
374 249
375 249
376 249
377 249
378 249
508 249
509 249
510 249
511 249
512 249
513 249
514 249
515 249
299 250
300 250
301 250
302 250
303 250
373 250
374 250
375 250
376 250
377 250
378 250
511 250
512 250
513 250
514 250
515 250
299 251
300 251
301 251
302 251
303 251
373 251
374 251
375 251
376 251
377 251
511 251
512 251
513 251
514 251
515 251
299 252
300 252
301 252
302 252
303 252
373 252
374 252
375 252
376 252
377 252
511 252
512 252
513 252
514 252
515 252
299 253
300 253
301 253
302 253
303 253
373 253
374 253
375 253
376 253
377 253
511 253
512 253
513 253
514 253
515 253
299 254
300 254
301 254
302 254
303 254
372 254
373 254
374 254
375 254
376 254
377 254
511 254
512 254
513 254
514 254
515 254
298 255
299 255
300 255
301 255
302 255
303 255
372 255
373 255
374 255
375 255
376 255
511 255
512 255
513 255
514 255
515 255
298 256
299 256
300 256
301 256
302 256
372 256
373 256
374 256
375 256
376 256
511 256
512 256
513 256
514 256
515 256
298 257
299 257
300 257
301 257
302 257
372 257
373 257
374 257
375 257
376 257
511 257
512 257
513 257
514 257
515 257
298 258
299 258
300 258
301 258
302 258
372 258
373 258
374 258
375 258
376 258
511 258
512 258
513 258
514 258
515 258
298 259
299 259
300 259
301 259
302 259
372 259
373 259
374 259
375 259
376 259
510 259
511 259
512 259
513 259
514 259
515 259
298 260
299 260
300 260
301 260
302 260
372 260
373 260
374 260
375 260
376 260
510 260
511 260
512 260
513 260
514 260
298 261
299 261
300 261
301 261
302 261
372 261
373 261
374 261
375 261
376 261
509 261
510 261
511 261
512 261
513 261
514 261
298 262
299 262
300 262
301 262
302 262
372 262
373 262
374 262
375 262
376 262
509 262
510 262
511 262
512 262
513 262
297 263
298 263
299 263
300 263
301 263
302 263
372 263
373 263
374 263
375 263
376 263
509 263
510 263
511 263
512 263
513 263
297 264
298 264
299 264
300 264
301 264
372 264
373 264
374 264
375 264
376 264
509 264
510 264
511 264
512 264
513 264
297 265
298 265
299 265
300 265
301 265
372 265
373 265
374 265
375 265
376 265
507 265
508 265
509 265
510 265
511 265
512 265
297 266
298 266
299 266
300 266
301 266
372 266
373 266
374 266
375 266
376 266
507 266
508 266
509 266
510 266
511 266
297 267
298 267
299 267
300 267
301 267
372 267
373 267
374 267
375 267
376 267
506 267
507 267
508 267
509 267
510 267
511 267
562 267
563 267
564 267
565 267
566 267
567 267
568 267
569 267
570 267
571 267
572 267
573 267
574 267
575 267
576 267
577 267
578 267
579 267
580 267
297 268
298 268
299 268
300 268
301 268
372 268
373 268
374 268
375 268
376 268
506 268
507 268
508 268
509 268
510 268
561 268
562 268
563 268
564 268
565 268
566 268
567 268
568 268
569 268
570 268
571 268
572 268
573 268
574 268
575 268
576 268
577 268
578 268
579 268
580 268
581 268
582 268
583 268
297 269
298 269
299 269
300 269
301 269
372 269
373 269
374 269
375 269
376 269
506 269
507 269
508 269
509 269
510 269
560 269
561 269
562 269
563 269
564 269
565 269
566 269
567 269
568 269
569 269
570 269
571 269
572 269
573 269
574 269
575 269
576 269
577 269
578 269
579 269
580 269
581 269
582 269
583 269
584 269
585 269
297 270
298 270
299 270
300 270
301 270
372 270
373 270
374 270
375 270
376 270
506 270
507 270
508 270
509 270
510 270
559 270
560 270
561 270
562 270
563 270
564 270
565 270
566 270
567 270
568 270
569 270
570 270
571 270
572 270
573 270
574 270
575 270
576 270
577 270
578 270
579 270
580 270
581 270
582 270
583 270
584 270
585 270
586 270
297 271
298 271
299 271
300 271
301 271
372 271
373 271
374 271
375 271
376 271
505 271
506 271
507 271
508 271
509 271
510 271
559 271
560 271
561 271
562 271
563 271
564 271
565 271
566 271
567 271
568 271
569 271
570 271
571 271
572 271
573 271
574 271
575 271
576 271
577 271
578 271
579 271
580 271
581 271
582 271
583 271
584 271
585 271
586 271
587 271
297 272
298 272
299 272
300 272
301 272
372 272
373 272
374 272
375 272
376 272
505 272
506 272
507 272
508 272
509 272
559 272
560 272
561 272
562 272
563 272
581 272
582 272
583 272
584 272
585 272
586 272
587 272
588 272
589 272
297 273
298 273
299 273
300 273
301 273
372 273
373 273
374 273
375 273
376 273
504 273
505 273
506 273
507 273
508 273
509 273
559 273
560 273
561 273
562 273
563 273
583 273
584 273
585 273
586 273
587 273
588 273
589 273
590 273
297 274
298 274
299 274
300 274
301 274
372 274
373 274
374 274
375 274
376 274
377 274
504 274
505 274
506 274
507 274
508 274
558 274
559 274
560 274
561 274
562 274
585 274
586 274
587 274
588 274
589 274
590 274
591 274
297 275
298 275
299 275
300 275
301 275
373 275
374 275
375 275
376 275
377 275
504 275
505 275
506 275
507 275
508 275
558 275
559 275
560 275
561 275
562 275
586 275
587 275
588 275
589 275
590 275
591 275
592 275
297 276
298 276
299 276
300 276
301 276
373 276
374 276
375 276
376 276
377 276
378 276
504 276
505 276
506 276
507 276
508 276
558 276
559 276
560 276
561 276
562 276
588 276
589 276
590 276
591 276
592 276
297 277
298 277
299 277
300 277
301 277
374 277
375 277
376 277
377 277
378 277
503 277
504 277
505 277
506 277
507 277
508 277
557 277
558 277
559 277
560 277
561 277
589 277
590 277
591 277
592 277
593 277
297 278
298 278
299 278
300 278
301 278
374 278
375 278
376 278
377 278
378 278
503 278
504 278
505 278
506 278
507 278
557 278
558 278
559 278
560 278
561 278
589 278
590 278
591 278
592 278
593 278
594 278
297 279
298 279
299 279
300 279
301 279
374 279
375 279
376 279
377 279
378 279
502 279
503 279
504 279
505 279
506 279
507 279
557 279
558 279
559 279
560 279
561 279
590 279
591 279
592 279
593 279
594 279
595 279
297 280
298 280
299 280
300 280
301 280
374 280
375 280
376 280
377 280
378 280
379 280
502 280
503 280
504 280
505 280
506 280
556 280
557 280
558 280
559 280
560 280
561 280
591 280
592 280
593 280
594 280
595 280
297 281
298 281
299 281
300 281
301 281
375 281
376 281
377 281
378 281
379 281
502 281
503 281
504 281
505 281
506 281
556 281
557 281
558 281
559 281
560 281
592 281
593 281
594 281
595 281
596 281
297 282
298 282
299 282
300 282
301 282
375 282
376 282
377 282
378 282
379 282
380 282
502 282
503 282
504 282
505 282
506 282
556 282
557 282
558 282
559 282
560 282
592 282
593 282
594 282
595 282
596 282
297 283
298 283
299 283
300 283
301 283
375 283
376 283
377 283
378 283
379 283
380 283
502 283
503 283
504 283
505 283
506 283
556 283
557 283
558 283
559 283
560 283
592 283
593 283
594 283
595 283
596 283
297 284
298 284
299 284
300 284
301 284
376 284
377 284
378 284
379 284
380 284
502 284
503 284
504 284
505 284
506 284
555 284
556 284
557 284
558 284
559 284
560 284
593 284
594 284
595 284
596 284
597 284
297 285
298 285
299 285
300 285
301 285
376 285
377 285
378 285
379 285
380 285
381 285
502 285
503 285
504 285
505 285
506 285
555 285
556 285
557 285
558 285
559 285
593 285
594 285
595 285
596 285
597 285
598 285
297 286
298 286
299 286
300 286
301 286
376 286
377 286
378 286
379 286
380 286
381 286
502 286
503 286
504 286
505 286
506 286
554 286
555 286
556 286
557 286
558 286
559 286
594 286
595 286
596 286
597 286
598 286
297 287
298 287
299 287
300 287
301 287
302 287
377 287
378 287
379 287
380 287
381 287
501 287
502 287
503 287
504 287
505 287
506 287
554 287
555 287
556 287
557 287
558 287
595 287
596 287
597 287
598 287
599 287
298 288
299 288
300 288
301 288
302 288
377 288
378 288
379 288
380 288
381 288
501 288
502 288
503 288
504 288
505 288
553 288
554 288
555 288
556 288
557 288
596 288
597 288
598 288
599 288
600 288
298 289
299 289
300 289
301 289
302 289
377 289
378 289
379 289
380 289
381 289
501 289
502 289
503 289
504 289
505 289
553 289
554 289
555 289
556 289
557 289
596 289
597 289
598 289
599 289
600 289
601 289
298 290
299 290
300 290
301 290
302 290
377 290
378 290
379 290
380 290
381 290
501 290
502 290
503 290
504 290
505 290
553 290
554 290
555 290
556 290
557 290
597 290
598 290
599 290
600 290
601 290
602 290
298 291
299 291
300 291
301 291
302 291
303 291
377 291
378 291
379 291
380 291
381 291
501 291
502 291
503 291
504 291
505 291
552 291
553 291
554 291
555 291
556 291
597 291
598 291
599 291
600 291
601 291
602 291
603 291
299 292
300 292
301 292
302 292
303 292
377 292
378 292
379 292
380 292
381 292
501 292
502 292
503 292
504 292
505 292
552 292
553 292
554 292
555 292
556 292
598 292
599 292
600 292
601 292
602 292
603 292
604 292
299 293
300 293
301 293
302 293
303 293
377 293
378 293
379 293
380 293
381 293
501 293
502 293
503 293
504 293
505 293
552 293
553 293
554 293
555 293
556 293
599 293
600 293
601 293
602 293
603 293
604 293
605 293
606 293
299 294
300 294
301 294
302 294
303 294
377 294
378 294
379 294
380 294
381 294
382 294
501 294
502 294
503 294
504 294
505 294
551 294
552 294
553 294
554 294
555 294
601 294
602 294
603 294
604 294
605 294
606 294
607 294
299 295
300 295
301 295
302 295
303 295
304 295
378 295
379 295
380 295
381 295
382 295
501 295
502 295
503 295
504 295
505 295
550 295
551 295
552 295
553 295
554 295
602 295
603 295
604 295
605 295
606 295
607 295
608 295
300 296
301 296
302 296
303 296
304 296
378 296
379 296
380 296
381 296
382 296
501 296
502 296
503 296
504 296
505 296
550 296
551 296
552 296
553 296
554 296
603 296
604 296
605 296
606 296
607 296
608 296
609 296
300 297
301 297
302 297
303 297
304 297
305 297
378 297
379 297
380 297
381 297
382 297
501 297
502 297
503 297
504 297
505 297
549 297
550 297
551 297
552 297
553 297
604 297
605 297
606 297
607 297
608 297
609 297
610 297
301 298
302 298
303 298
304 298
305 298
306 298
378 298
379 298
380 298
381 298
382 298
501 298
502 298
503 298
504 298
505 298
549 298
550 298
551 298
552 298
553 298
605 298
606 298
607 298
608 298
609 298
610 298
611 298
301 299
302 299
303 299
304 299
305 299
306 299
378 299
379 299
380 299
381 299
382 299
501 299
502 299
503 299
504 299
505 299
548 299
549 299
550 299
551 299
552 299
606 299
607 299
608 299
609 299
610 299
611 299
302 300
303 300
304 300
305 300
306 300
307 300
378 300
379 300
380 300
381 300
382 300
501 300
502 300
503 300
504 300
505 300
547 300
548 300
549 300
550 300
551 300
607 300
608 300
609 300
610 300
611 300
612 300
303 301
304 301
305 301
306 301
307 301
378 301
379 301
380 301
381 301
382 301
501 301
502 301
503 301
504 301
505 301
546 301
547 301
548 301
549 301
550 301
609 301
610 301
611 301
612 301
613 301
303 302
304 302
305 302
306 302
307 302
308 302
378 302
379 302
380 302
381 302
382 302
501 302
502 302
503 302
504 302
505 302
506 302
545 302
546 302
547 302
548 302
549 302
550 302
610 302
611 302
612 302
613 302
614 302
305 303
306 303
307 303
308 303
309 303
378 303
379 303
380 303
381 303
382 303
502 303
503 303
504 303
505 303
506 303
544 303
545 303
546 303
547 303
548 303
549 303
611 303
612 303
613 303
614 303
615 303
306 304
307 304
308 304
309 304
310 304
378 304
379 304
380 304
381 304
382 304
502 304
503 304
504 304
505 304
506 304
543 304
544 304
545 304
546 304
547 304
548 304
612 304
613 304
614 304
615 304
616 304
307 305
308 305
309 305
310 305
311 305
378 305
379 305
380 305
381 305
382 305
502 305
503 305
504 305
505 305
506 305
507 305
541 305
542 305
543 305
544 305
545 305
546 305
547 305
612 305
613 305
614 305
615 305
616 305
308 306
309 306
310 306
311 306
312 306
378 306
379 306
380 306
381 306
382 306
503 306
504 306
505 306
506 306
507 306
540 306
541 306
542 306
543 306
544 306
545 306
546 306
613 306
614 306
615 306
616 306
617 306
309 307
310 307
311 307
312 307
313 307
378 307
379 307
380 307
381 307
382 307
503 307
504 307
505 307
506 307
507 307
508 307
538 307
539 307
540 307
541 307
542 307
543 307
544 307
545 307
614 307
615 307
616 307
617 307
618 307
310 308
311 308
312 308
313 308
314 308
377 308
378 308
379 308
380 308
381 308
382 308
504 308
505 308
506 308
507 308
508 308
537 308
538 308
539 308
540 308
541 308
542 308
543 308
544 308
615 308
616 308
617 308
618 308
619 308
311 309
312 309
313 309
314 309
315 309
316 309
377 309
378 309
379 309
380 309
381 309
504 309
505 309
506 309
507 309
508 309
537 309
538 309
539 309
540 309
541 309
542 309
615 309
616 309
617 309
618 309
619 309
312 310
313 310
314 310
315 310
316 310
317 310
318 310
377 310
378 310
379 310
380 310
381 310
504 310
505 310
506 310
507 310
508 310
536 310
537 310
538 310
539 310
540 310
541 310
542 310
615 310
616 310
617 310
618 310
619 310
620 310
313 311
314 311
315 311
316 311
317 311
318 311
319 311
377 311
378 311
379 311
380 311
381 311
504 311
505 311
506 311
507 311
508 311
509 311
536 311
537 311
538 311
539 311
540 311
616 311
617 311
618 311
619 311
620 311
621 311
314 312
315 312
316 312
317 312
318 312
319 312
320 312
321 312
377 312
378 312
379 312
380 312
381 312
505 312
506 312
507 312
508 312
509 312
535 312
536 312
537 312
538 312
539 312
540 312
616 312
617 312
618 312
619 312
620 312
621 312
314 313
315 313
316 313
317 313
318 313
319 313
320 313
321 313
322 313
323 313
376 313
377 313
378 313
379 313
380 313
381 313
505 313
506 313
507 313
508 313
509 313
510 313
533 313
534 313
535 313
536 313
537 313
538 313
617 313
618 313
619 313
620 313
621 313
316 314
317 314
318 314
319 314
320 314
321 314
322 314
323 314
324 314
376 314
377 314
378 314
379 314
380 314
507 314
508 314
509 314
510 314
511 314
512 314
533 314
534 314
535 314
536 314
537 314
618 314
619 314
620 314
621 314
622 314
317 315
318 315
319 315
320 315
321 315
322 315
323 315
324 315
376 315
377 315
378 315
379 315
380 315
508 315
509 315
510 315
511 315
512 315
532 315
533 315
534 315
535 315
536 315
537 315
619 315
620 315
621 315
622 315
623 315
319 316
320 316
321 316
322 316
323 316
324 316
325 316
326 316
376 316
377 316
378 316
379 316
380 316
508 316
509 316
510 316
511 316
512 316
513 316
532 316
533 316
534 316
535 316
536 316
620 316
621 316
622 316
623 316
624 316
321 317
322 317
323 317
324 317
325 317
326 317
327 317
328 317
375 317
376 317
377 317
378 317
379 317
380 317
509 317
510 317
511 317
512 317
513 317
514 317
531 317
532 317
533 317
534 317
535 317
536 317
620 317
621 317
622 317
623 317
624 317
321 318
322 318
323 318
324 318
325 318
326 318
327 318
328 318
329 318
375 318
376 318
377 318
378 318
379 318
509 318
510 318
511 318
512 318
513 318
514 318
515 318
516 318
517 318
531 318
532 318
533 318
534 318
535 318
621 318
622 318
623 318
624 318
625 318
322 319
323 319
324 319
325 319
326 319
327 319
328 319
329 319
374 319
375 319
376 319
377 319
378 319
379 319
511 319
512 319
513 319
514 319
515 319
516 319
517 319
518 319
530 319
531 319
532 319
533 319
534 319
535 319
621 319
622 319
623 319
624 319
625 319
324 320
325 320
326 320
327 320
328 320
329 320
330 320
331 320
374 320
375 320
376 320
377 320
378 320
513 320
514 320
515 320
516 320
517 320
518 320
519 320
529 320
530 320
531 320
532 320
533 320
621 320
622 320
623 320
624 320
625 320
626 320
326 321
327 321
328 321
329 321
330 321
331 321
332 321
373 321
374 321
375 321
376 321
377 321
378 321
514 321
515 321
516 321
517 321
518 321
519 321
520 321
521 321
528 321
529 321
530 321
531 321
532 321
622 321
623 321
624 321
625 321
626 321
326 322
327 322
328 322
329 322
330 322
331 322
332 322
373 322
374 322
375 322
376 322
377 322
515 322
516 322
517 322
518 322
519 322
520 322
521 322
522 322
527 322
528 322
529 322
530 322
531 322
622 322
623 322
624 322
625 322
626 322
627 322
327 323
328 323
329 323
330 323
331 323
332 323
333 323
372 323
373 323
374 323
375 323
376 323
377 323
518 323
519 323
520 323
521 323
522 323
523 323
524 323
525 323
526 323
527 323
528 323
529 323
530 323
624 323
625 323
626 323
627 323
628 323
329 324
330 324
331 324
332 324
333 324
372 324
373 324
374 324
375 324
376 324
519 324
520 324
521 324
522 324
523 324
524 324
525 324
526 324
527 324
528 324
529 324
530 324
624 324
625 324
626 324
627 324
628 324
329 325
330 325
331 325
332 325
333 325
334 325
371 325
372 325
373 325
374 325
375 325
376 325
520 325
521 325
522 325
523 325
524 325
525 325
526 325
527 325
528 325
529 325
624 325
625 325
626 325
627 325
628 325
331 326
332 326
333 326
334 326
335 326
371 326
372 326
373 326
374 326
375 326
522 326
523 326
524 326
525 326
526 326
527 326
528 326
625 326
626 326
627 326
628 326
629 326
332 327
333 327
334 327
335 327
336 327
337 327
370 327
371 327
372 327
373 327
374 327
375 327
523 327
524 327
525 327
526 327
527 327
625 327
626 327
627 327
628 327
629 327
630 327
333 328
334 328
335 328
336 328
337 328
338 328
339 328
370 328
371 328
372 328
373 328
374 328
626 328
627 328
628 328
629 328
630 328
334 329
335 329
336 329
337 329
338 329
339 329
368 329
369 329
370 329
371 329
372 329
373 329
374 329
626 329
627 329
628 329
629 329
630 329
631 329
335 330
336 330
337 330
338 330
339 330
340 330
341 330
368 330
369 330
370 330
371 330
372 330
627 330
628 330
629 330
630 330
631 330
335 331
336 331
337 331
338 331
339 331
340 331
341 331
342 331
343 331
367 331
368 331
369 331
370 331
371 331
372 331
627 331
628 331
629 331
630 331
631 331
337 332
338 332
339 332
340 332
341 332
342 332
343 332
367 332
368 332
369 332
370 332
371 332
628 332
629 332
630 332
631 332
632 332
339 333
340 333
341 333
342 333
343 333
344 333
345 333
365 333
366 333
367 333
368 333
369 333
370 333
371 333
629 333
630 333
631 333
632 333
633 333
339 334
340 334
341 334
342 334
343 334
344 334
345 334
346 334
347 334
365 334
366 334
367 334
368 334
369 334
629 334
630 334
631 334
632 334
633 334
341 335
342 335
343 335
344 335
345 335
346 335
347 335
348 335
349 335
364 335
365 335
366 335
367 335
368 335
369 335
629 335
630 335
631 335
632 335
633 335
634 335
343 336
344 336
345 336
346 336
347 336
348 336
349 336
350 336
351 336
364 336
365 336
366 336
367 336
368 336
630 336
631 336
632 336
633 336
634 336
343 337
344 337
345 337
346 337
347 337
348 337
349 337
350 337
351 337
352 337
353 337
354 337
355 337
363 337
364 337
365 337
366 337
367 337
368 337
630 337
631 337
632 337
633 337
634 337
635 337
345 338
346 338
347 338
348 338
349 338
350 338
351 338
352 338
353 338
354 338
355 338
356 338
357 338
358 338
359 338
360 338
361 338
362 338
363 338
364 338
365 338
366 338
631 338
632 338
633 338
634 338
635 338
347 339
348 339
349 339
350 339
351 339
352 339
353 339
354 339
355 339
356 339
357 339
358 339
359 339
360 339
361 339
362 339
363 339
364 339
365 339
632 339
633 339
634 339
635 339
636 339
349 340
350 340
351 340
352 340
353 340
354 340
355 340
356 340
357 340
358 340
359 340
360 340
361 340
362 340
363 340
364 340
633 340
634 340
635 340
636 340
637 340
351 341
352 341
353 341
354 341
355 341
356 341
357 341
358 341
359 341
360 341
361 341
362 341
363 341
633 341
634 341
635 341
636 341
637 341
355 342
356 342
357 342
358 342
359 342
360 342
361 342
362 342
634 342
635 342
636 342
637 342
638 342
635 343
636 343
637 343
638 343
639 343
635 344
636 344
637 344
638 344
639 344
635 345
636 345
637 345
638 345
639 345
636 346
637 346
638 346
639 346
640 346
636 347
637 347
638 347
639 347
640 347
636 348
637 348
638 348
639 348
640 348
641 348
637 349
638 349
639 349
640 349
641 349
637 350
638 350
639 350
640 350
641 350
642 350
638 351
639 351
640 351
641 351
642 351
638 352
639 352
640 352
641 352
642 352
639 353
640 353
641 353
642 353
643 353
639 354
640 354
641 354
642 354
643 354
639 355
640 355
641 355
642 355
643 355
639 356
640 356
641 356
642 356
643 356
640 357
641 357
642 357
643 357
644 357
640 358
641 358
642 358
643 358
644 358
641 359
642 359
643 359
644 359
645 359
641 360
642 360
643 360
644 360
645 360
641 361
642 361
643 361
644 361
645 361
642 362
643 362
644 362
645 362
646 362
642 363
643 363
644 363
645 363
646 363
642 364
643 364
644 364
645 364
646 364
642 365
643 365
644 365
645 365
646 365
642 366
643 366
644 366
645 366
646 366
642 367
643 367
644 367
645 367
646 367
642 368
643 368
644 368
645 368
646 368
642 369
643 369
644 369
645 369
646 369
642 370
643 370
644 370
645 370
646 370
642 371
643 371
644 371
645 371
646 371
642 372
643 372
644 372
645 372
646 372
641 373
642 373
643 373
644 373
645 373
641 374
642 374
643 374
644 374
645 374
641 375
642 375
643 375
644 375
645 375
568 376
569 376
570 376
571 376
572 376
573 376
574 376
575 376
576 376
577 376
578 376
640 376
641 376
642 376
643 376
644 376
645 376
558 377
559 377
560 377
561 377
562 377
563 377
564 377
565 377
566 377
567 377
568 377
569 377
570 377
571 377
572 377
573 377
574 377
575 377
576 377
577 377
578 377
579 377
580 377
581 377
582 377
583 377
584 377
585 377
586 377
587 377
588 377
589 377
590 377
591 377
592 377
593 377
594 377
595 377
596 377
597 377
598 377
639 377
640 377
641 377
642 377
643 377
644 377
554 378
555 378
556 378
557 378
558 378
559 378
560 378
561 378
562 378
563 378
564 378
565 378
566 378
567 378
568 378
569 378
570 378
571 378
572 378
573 378
574 378
575 378
576 378
577 378
578 378
579 378
580 378
581 378
582 378
583 378
584 378
585 378
586 378
587 378
588 378
589 378
590 378
591 378
592 378
593 378
594 378
595 378
596 378
597 378
598 378
599 378
600 378
601 378
602 378
603 378
604 378
605 378
638 378
639 378
640 378
641 378
642 378
643 378
552 379
553 379
554 379
555 379
556 379
557 379
558 379
559 379
560 379
561 379
562 379
563 379
564 379
565 379
566 379
567 379
568 379
569 379
570 379
571 379
572 379
573 379
574 379
575 379
576 379
577 379
578 379
579 379
580 379
581 379
582 379
583 379
584 379
585 379
586 379
587 379
588 379
589 379
590 379
591 379
592 379
593 379
594 379
595 379
596 379
597 379
598 379
599 379
600 379
601 379
602 379
603 379
604 379
605 379
606 379
607 379
608 379
609 379
634 379
635 379
636 379
637 379
638 379
639 379
640 379
641 379
642 379
550 380
551 380
552 380
553 380
554 380
555 380
556 380
557 380
558 380
559 380
560 380
561 380
562 380
563 380
564 380
565 380
566 380
567 380
568 380
569 380
570 380
571 380
572 380
573 380
574 380
575 380
576 380
577 380
578 380
579 380
580 380
581 380
582 380
583 380
584 380
585 380
586 380
587 380
588 380
589 380
590 380
591 380
592 380
593 380
594 380
595 380
596 380
597 380
598 380
599 380
600 380
601 380
602 380
603 380
604 380
605 380
606 380
607 380
608 380
609 380
610 380
611 380
612 380
613 380
614 380
615 380
616 380
617 380
618 380
619 380
620 380
621 380
622 380
623 380
624 380
625 380
626 380
627 380
628 380
629 380
630 380
631 380
632 380
633 380
634 380
635 380
636 380
637 380
638 380
639 380
640 380
641 380
548 381
549 381
550 381
551 381
552 381
553 381
554 381
555 381
556 381
557 381
558 381
559 381
560 381
561 381
562 381
563 381
564 381
565 381
566 381
567 381
568 381
578 381
579 381
580 381
581 381
582 381
583 381
584 381
585 381
586 381
587 381
588 381
589 381
590 381
591 381
592 381
593 381
594 381
595 381
596 381
597 381
598 381
599 381
600 381
601 381
602 381
603 381
604 381
605 381
606 381
607 381
608 381
609 381
610 381
611 381
612 381
613 381
614 381
615 381
616 381
617 381
618 381
619 381
620 381
621 381
622 381
623 381
624 381
625 381
626 381
627 381
628 381
629 381
630 381
631 381
632 381
633 381
634 381
635 381
636 381
637 381
638 381
639 381
546 382
547 382
548 382
549 382
550 382
551 382
552 382
553 382
554 382
555 382
556 382
557 382
558 382
598 382
599 382
600 382
601 382
602 382
603 382
604 382
605 382
606 382
607 382
608 382
609 382
610 382
611 382
612 382
613 382
614 382
615 382
616 382
617 382
618 382
619 382
620 382
621 382
622 382
623 382
624 382
625 382
626 382
627 382
628 382
629 382
630 382
631 382
632 382
633 382
634 382
635 382
636 382
637 382
638 382
544 383
545 383
546 383
547 383
548 383
549 383
550 383
551 383
552 383
553 383
554 383
605 383
606 383
607 383
608 383
609 383
610 383
611 383
612 383
613 383
614 383
615 383
616 383
617 383
618 383
619 383
620 383
621 383
622 383
623 383
624 383
625 383
626 383
627 383
628 383
629 383
630 383
631 383
632 383
633 383
634 383
635 383
636 383
637 383
542 384
543 384
544 384
545 384
546 384
547 384
548 384
549 384
550 384
551 384
552 384
609 384
610 384
611 384
612 384
613 384
614 384
615 384
616 384
617 384
618 384
619 384
620 384
621 384
622 384
623 384
624 384
625 384
626 384
627 384
628 384
629 384
630 384
631 384
632 384
633 384
540 385
541 385
542 385
543 385
544 385
545 385
546 385
547 385
548 385
549 385
550 385
538 386
539 386
540 386
541 386
542 386
543 386
544 386
545 386
546 386
547 386
548 386
536 387
537 387
538 387
539 387
540 387
541 387
542 387
543 387
544 387
545 387
546 387
534 388
535 388
536 388
537 388
538 388
539 388
540 388
541 388
542 388
543 388
544 388
532 389
533 389
534 389
535 389
536 389
537 389
538 389
539 389
540 389
541 389
542 389
530 390
531 390
532 390
533 390
534 390
535 390
536 390
537 390
538 390
539 390
540 390
528 391
529 391
530 391
531 391
532 391
533 391
534 391
535 391
536 391
537 391
538 391
526 392
527 392
528 392
529 392
530 392
531 392
532 392
533 392
534 392
535 392
536 392
524 393
525 393
526 393
527 393
528 393
529 393
530 393
531 393
532 393
533 393
534 393
520 394
521 394
522 394
523 394
524 394
525 394
526 394
527 394
528 394
529 394
530 394
531 394
532 394
518 395
519 395
520 395
521 395
522 395
523 395
524 395
525 395
526 395
527 395
528 395
529 395
530 395
515 396
516 396
517 396
518 396
519 396
520 396
521 396
522 396
523 396
524 396
525 396
526 396
527 396
528 396
512 397
513 397
514 397
515 397
516 397
517 397
518 397
519 397
520 397
521 397
522 397
523 397
524 397
525 397
526 397
509 398
510 398
511 398
512 398
513 398
514 398
515 398
516 398
517 398
518 398
519 398
520 398
521 398
522 398
523 398
524 398
506 399
507 399
508 399
509 399
510 399
511 399
512 399
513 399
514 399
515 399
516 399
517 399
518 399
519 399
520 399
502 400
503 400
504 400
505 400
506 400
507 400
508 400
509 400
510 400
511 400
512 400
513 400
514 400
515 400
516 400
517 400
518 400
330 401
331 401
492 401
493 401
494 401
495 401
496 401
497 401
498 401
499 401
500 401
501 401
502 401
503 401
504 401
505 401
506 401
507 401
508 401
509 401
510 401
511 401
512 401
513 401
514 401
515 401
329 402
330 402
331 402
332 402
484 402
485 402
486 402
487 402
488 402
489 402
490 402
491 402
492 402
493 402
494 402
495 402
496 402
497 402
498 402
499 402
500 402
501 402
502 402
503 402
504 402
505 402
506 402
507 402
508 402
509 402
510 402
511 402
512 402
328 403
329 403
330 403
331 403
332 403
333 403
334 403
478 403
479 403
480 403
481 403
482 403
483 403
484 403
485 403
486 403
487 403
488 403
489 403
490 403
491 403
492 403
493 403
494 403
495 403
496 403
497 403
498 403
499 403
500 403
501 403
502 403
503 403
504 403
505 403
506 403
507 403
508 403
329 404
330 404
331 404
332 404
333 404
334 404
335 404
471 404
472 404
473 404
474 404
475 404
476 404
477 404
478 404
479 404
480 404
481 404
482 404
483 404
484 404
485 404
486 404
487 404
488 404
489 404
490 404
491 404
492 404
493 404
494 404
495 404
496 404
497 404
498 404
499 404
500 404
501 404
502 404
503 404
504 404
505 404
330 405
331 405
332 405
333 405
334 405
335 405
336 405
465 405
466 405
467 405
468 405
469 405
470 405
471 405
472 405
473 405
474 405
475 405
476 405
477 405
478 405
479 405
480 405
481 405
482 405
483 405
484 405
485 405
486 405
487 405
488 405
489 405
490 405
491 405
492 405
493 405
494 405
495 405
496 405
497 405
498 405
499 405
500 405
501 405
332 406
333 406
334 406
335 406
336 406
463 406
464 406
465 406
466 406
467 406
468 406
469 406
470 406
471 406
472 406
473 406
474 406
475 406
476 406
477 406
478 406
479 406
480 406
481 406
482 406
483 406
484 406
485 406
486 406
487 406
488 406
489 406
490 406
491 406
492 406
332 407
333 407
334 407
335 407
336 407
337 407
461 407
462 407
463 407
464 407
465 407
466 407
467 407
468 407
469 407
470 407
471 407
472 407
473 407
474 407
475 407
476 407
477 407
478 407
479 407
480 407
481 407
482 407
483 407
484 407
333 408
334 408
335 408
336 408
337 408
338 408
460 408
461 408
462 408
463 408
464 408
465 408
466 408
467 408
468 408
469 408
470 408
471 408
472 408
473 408
474 408
475 408
476 408
477 408
478 408
334 409
335 409
336 409
337 409
338 409
339 409
459 409
460 409
461 409
462 409
463 409
464 409
465 409
466 409
467 409
468 409
469 409
470 409
335 410
336 410
337 410
338 410
339 410
458 410
459 410
460 410
461 410
462 410
463 410
464 410
336 411
337 411
338 411
339 411
340 411
457 411
458 411
459 411
460 411
461 411
462 411
337 412
338 412
339 412
340 412
341 412
456 412
457 412
458 412
459 412
460 412
461 412
337 413
338 413
339 413
340 413
341 413
456 413
457 413
458 413
459 413
460 413
338 414
339 414
340 414
341 414
342 414
455 414
456 414
457 414
458 414
459 414
339 415
340 415
341 415
342 415
343 415
455 415
456 415
457 415
458 415
459 415
340 416
341 416
342 416
343 416
344 416
454 416
455 416
456 416
457 416
458 416
341 417
342 417
343 417
344 417
345 417
453 417
454 417
455 417
456 417
457 417
341 418
342 418
343 418
344 418
345 418
452 418
453 418
454 418
455 418
456 418
342 419
343 419
344 419
345 419
346 419
452 419
453 419
454 419
455 419
456 419
342 420
343 420
344 420
345 420
346 420
347 420
451 420
452 420
453 420
454 420
455 420
456 420
343 421
344 421
345 421
346 421
347 421
450 421
451 421
452 421
453 421
454 421
455 421
344 422
345 422
346 422
347 422
348 422
449 422
450 422
451 422
452 422
453 422
454 422
344 423
345 423
346 423
347 423
348 423
448 423
449 423
450 423
451 423
452 423
453 423
345 424
346 424
347 424
348 424
349 424
447 424
448 424
449 424
450 424
451 424
452 424
345 425
346 425
347 425
348 425
349 425
446 425
447 425
448 425
449 425
450 425
451 425
346 426
347 426
348 426
349 426
350 426
444 426
445 426
446 426
447 426
448 426
449 426
450 426
347 427
348 427
349 427
350 427
351 427
443 427
444 427
445 427
446 427
447 427
448 427
449 427
347 428
348 428
349 428
350 428
351 428
352 428
441 428
442 428
443 428
444 428
445 428
446 428
447 428
448 428
348 429
349 429
350 429
351 429
352 429
353 429
440 429
441 429
442 429
443 429
444 429
445 429
446 429
349 430
350 430
351 430
352 430
353 430
437 430
438 430
439 430
440 430
441 430
442 430
443 430
444 430
445 430
349 431
350 431
351 431
352 431
353 431
354 431
435 431
436 431
437 431
438 431
439 431
440 431
441 431
442 431
443 431
350 432
351 432
352 432
353 432
354 432
435 432
436 432
437 432
438 432
439 432
440 432
441 432
442 432
350 433
351 433
352 433
353 433
354 433
432 433
433 433
434 433
435 433
436 433
437 433
438 433
439 433
440 433
351 434
352 434
353 434
354 434
355 434
431 434
432 434
433 434
434 434
435 434
436 434
437 434
438 434
439 434
352 435
353 435
354 435
355 435
356 435
357 435
429 435
430 435
431 435
432 435
433 435
434 435
435 435
436 435
437 435
353 436
354 436
355 436
356 436
357 436
426 436
427 436
428 436
429 436
430 436
431 436
432 436
433 436
434 436
435 436
353 437
354 437
355 437
356 437
357 437
358 437
425 437
426 437
427 437
428 437
429 437
430 437
431 437
432 437
433 437
434 437
354 438
355 438
356 438
357 438
358 438
423 438
424 438
425 438
426 438
427 438
428 438
429 438
430 438
431 438
432 438
354 439
355 439
356 439
357 439
358 439
359 439
422 439
423 439
424 439
425 439
426 439
427 439
428 439
429 439
430 439
431 439
355 440
356 440
357 440
358 440
359 440
360 440
420 440
421 440
422 440
423 440
424 440
425 440
426 440
427 440
428 440
356 441
357 441
358 441
359 441
360 441
361 441
418 441
419 441
420 441
421 441
422 441
423 441
424 441
425 441
357 442
358 442
359 442
360 442
361 442
362 442
363 442
416 442
417 442
418 442
419 442
420 442
421 442
422 442
423 442
424 442
359 443
360 443
361 443
362 443
363 443
364 443
414 443
415 443
416 443
417 443
418 443
419 443
420 443
421 443
422 443
360 444
361 444
362 444
363 444
364 444
365 444
366 444
412 444
413 444
414 444
415 444
416 444
417 444
418 444
419 444
420 444
421 444
422 444
361 445
362 445
363 445
364 445
365 445
366 445
367 445
368 445
410 445
411 445
412 445
413 445
414 445
415 445
416 445
417 445
418 445
419 445
420 445
362 446
363 446
364 446
365 446
366 446
367 446
368 446
369 446
370 446
371 446
406 446
407 446
408 446
409 446
410 446
411 446
412 446
413 446
414 446
415 446
416 446
417 446
418 446
364 447
365 447
366 447
367 447
368 447
369 447
370 447
371 447
372 447
373 447
404 447
405 447
406 447
407 447
408 447
409 447
410 447
411 447
412 447
413 447
414 447
415 447
416 447
365 448
366 448
367 448
368 448
369 448
370 448
371 448
372 448
373 448
374 448
375 448
376 448
401 448
402 448
403 448
404 448
405 448
406 448
407 448
408 448
409 448
410 448
411 448
412 448
413 448
414 448
367 449
368 449
369 449
370 449
371 449
372 449
373 449
374 449
375 449
376 449
377 449
378 449
398 449
399 449
400 449
401 449
402 449
403 449
404 449
405 449
406 449
407 449
408 449
409 449
410 449
411 449
412 449
369 450
370 450
371 450
372 450
373 450
374 450
375 450
376 450
377 450
378 450
379 450
380 450
381 450
392 450
393 450
394 450
395 450
396 450
397 450
398 450
399 450
400 450
401 450
402 450
403 450
404 450
405 450
406 450
407 450
408 450
409 450
410 450
371 451
372 451
373 451
374 451
375 451
376 451
377 451
378 451
379 451
380 451
381 451
382 451
383 451
384 451
385 451
386 451
387 451
388 451
389 451
390 451
391 451
392 451
393 451
394 451
395 451
396 451
397 451
398 451
399 451
400 451
401 451
402 451
403 451
404 451
405 451
406 451
373 452
374 452
375 452
376 452
377 452
378 452
379 452
380 452
381 452
382 452
383 452
384 452
385 452
386 452
387 452
388 452
389 452
390 452
391 452
392 452
393 452
394 452
395 452
396 452
397 452
398 452
399 452
400 452
401 452
402 452
403 452
376 453
377 453
378 453
379 453
380 453
381 453
382 453
383 453
384 453
385 453
386 453
387 453
388 453
389 453
390 453
391 453
392 453
393 453
394 453
395 453
396 453
397 453
398 453
399 453
400 453
379 454
380 454
381 454
382 454
383 454
384 454
385 454
386 454
387 454
388 454
389 454
390 454
391 454
392 454
393 454
394 454
395 454
396 454
397 454
398 454
382 455
383 455
384 455
385 455
386 455
387 455
388 455
389 455
390 455
391 455
