/home/daniel/Projects/GIT/PhD/binocs-experiment/images/ds1/butterfly1.jpg
602 402
1
69 10 501 334 
1
3664
225 63
226 63
227 63
228 63
229 63
230 63
231 63
232 63
233 63
234 63
235 63
223 64
224 64
225 64
226 64
227 64
228 64
229 64
230 64
231 64
232 64
233 64
234 64
235 64
236 64
237 64
222 65
223 65
224 65
225 65
226 65
227 65
228 65
229 65
230 65
231 65
232 65
233 65
234 65
235 65
236 65
237 65
238 65
221 66
222 66
223 66
224 66
225 66
226 66
227 66
228 66
229 66
230 66
231 66
232 66
233 66
234 66
235 66
236 66
237 66
238 66
239 66
222 67
223 67
224 67
225 67
226 67
227 67
228 67
229 67
230 67
231 67
232 67
233 67
234 67
235 67
236 67
237 67
238 67
239 67
240 67
223 68
224 68
235 68
236 68
237 68
238 68
239 68
240 68
236 69
237 69
238 69
239 69
240 69
236 70
237 70
238 70
239 70
240 70
236 71
237 71
238 71
239 71
240 71
236 72
237 72
238 72
239 72
240 72
236 73
237 73
238 73
239 73
240 73
236 74
237 74
238 74
239 74
240 74
236 75
237 75
238 75
239 75
240 75
236 76
237 76
238 76
239 76
240 76
236 77
237 77
238 77
239 77
240 77
236 78
237 78
238 78
239 78
240 78
236 79
237 79
238 79
239 79
240 79
236 80
237 80
238 80
239 80
240 80
235 81
236 81
237 81
238 81
239 81
235 82
236 82
237 82
238 82
239 82
235 83
236 83
237 83
238 83
239 83
235 84
236 84
237 84
238 84
239 84
235 85
236 85
237 85
238 85
239 85
235 86
236 86
237 86
238 86
239 86
235 87
236 87
237 87
238 87
239 87
235 88
236 88
237 88
238 88
239 88
459 88
460 88
461 88
462 88
463 88
464 88
465 88
466 88
467 88
468 88
235 89
236 89
237 89
238 89
239 89
456 89
457 89
458 89
459 89
460 89
461 89
462 89
463 89
464 89
465 89
466 89
467 89
468 89
469 89
470 89
471 89
472 89
473 89
474 89
475 89
476 89
477 89
478 89
479 89
480 89
481 89
482 89
483 89
484 89
485 89
486 89
487 89
235 90
236 90
237 90
238 90
239 90
452 90
453 90
454 90
455 90
456 90
457 90
458 90
459 90
460 90
461 90
462 90
463 90
464 90
465 90
466 90
467 90
468 90
469 90
470 90
471 90
472 90
473 90
474 90
475 90
476 90
477 90
478 90
479 90
480 90
481 90
482 90
483 90
484 90
485 90
486 90
487 90
488 90
489 90
490 90
235 91
236 91
237 91
238 91
239 91
450 91
451 91
452 91
453 91
454 91
455 91
456 91
457 91
458 91
459 91
460 91
461 91
462 91
463 91
464 91
465 91
466 91
467 91
468 91
469 91
470 91
471 91
472 91
473 91
474 91
475 91
476 91
477 91
478 91
479 91
480 91
481 91
482 91
483 91
484 91
485 91
486 91
487 91
488 91
489 91
490 91
491 91
492 91
235 92
236 92
237 92
238 92
239 92
448 92
449 92
450 92
451 92
452 92
453 92
454 92
455 92
456 92
457 92
458 92
459 92
460 92
461 92
462 92
463 92
464 92
465 92
466 92
467 92
468 92
469 92
470 92
471 92
472 92
473 92
474 92
475 92
476 92
477 92
478 92
479 92
480 92
481 92
482 92
483 92
484 92
485 92
486 92
487 92
488 92
489 92
490 92
491 92
492 92
493 92
494 92
235 93
236 93
237 93
238 93
239 93
447 93
448 93
449 93
450 93
451 93
452 93
453 93
454 93
455 93
456 93
457 93
458 93
459 93
469 93
470 93
471 93
472 93
473 93
474 93
475 93
476 93
477 93
478 93
479 93
480 93
481 93
482 93
483 93
484 93
485 93
486 93
487 93
488 93
489 93
490 93
491 93
492 93
493 93
494 93
235 94
236 94
237 94
238 94
239 94
445 94
446 94
447 94
448 94
449 94
450 94
451 94
452 94
453 94
454 94
455 94
487 94
488 94
489 94
490 94
491 94
492 94
493 94
494 94
495 94
496 94
497 94
235 95
236 95
237 95
238 95
239 95
444 95
445 95
446 95
447 95
448 95
449 95
450 95
451 95
452 95
490 95
491 95
492 95
493 95
494 95
495 95
496 95
497 95
498 95
499 95
235 96
236 96
237 96
238 96
239 96
443 96
444 96
445 96
446 96
447 96
448 96
449 96
450 96
492 96
493 96
494 96
495 96
496 96
497 96
498 96
499 96
235 97
236 97
237 97
238 97
239 97
442 97
443 97
444 97
445 97
446 97
447 97
448 97
449 97
494 97
495 97
496 97
497 97
498 97
499 97
500 97
235 98
236 98
237 98
238 98
239 98
441 98
442 98
443 98
444 98
445 98
446 98
447 98
495 98
496 98
497 98
498 98
499 98
500 98
501 98
235 99
236 99
237 99
238 99
239 99
441 99
442 99
443 99
444 99
445 99
497 99
498 99
499 99
500 99
501 99
502 99
235 100
236 100
237 100
238 100
239 100
440 100
441 100
442 100
443 100
444 100
499 100
500 100
501 100
502 100
503 100
235 101
236 101
237 101
238 101
239 101
440 101
441 101
442 101
443 101
444 101
500 101
501 101
502 101
503 101
504 101
235 102
236 102
237 102
238 102
239 102
440 102
441 102
442 102
443 102
444 102
501 102
502 102
503 102
504 102
505 102
236 103
237 103
238 103
239 103
240 103
439 103
440 103
441 103
442 103
443 103
502 103
503 103
504 103
505 103
506 103
236 104
237 104
238 104
239 104
240 104
439 104
440 104
441 104
442 104
443 104
503 104
504 104
505 104
506 104
507 104
236 105
237 105
238 105
239 105
240 105
241 105
438 105
439 105
440 105
441 105
442 105
443 105
503 105
504 105
505 105
506 105
507 105
508 105
237 106
238 106
239 106
240 106
241 106
438 106
439 106
440 106
441 106
442 106
504 106
505 106
506 106
507 106
508 106
237 107
238 107
239 107
240 107
241 107
242 107
438 107
439 107
440 107
441 107
442 107
504 107
505 107
506 107
507 107
508 107
509 107
238 108
239 108
240 108
241 108
242 108
438 108
439 108
440 108
441 108
442 108
505 108
506 108
507 108
508 108
509 108
239 109
240 109
241 109
242 109
243 109
438 109
439 109
440 109
441 109
442 109
505 109
506 109
507 109
508 109
509 109
239 110
240 110
241 110
242 110
243 110
244 110
438 110
439 110
440 110
441 110
442 110
506 110
507 110
508 110
509 110
510 110
240 111
241 111
242 111
243 111
244 111
245 111
246 111
247 111
248 111
249 111
250 111
251 111
252 111
253 111
254 111
255 111
256 111
257 111
258 111
259 111
260 111
261 111
262 111
263 111
264 111
265 111
266 111
267 111
268 111
269 111
270 111
271 111
272 111
273 111
274 111
275 111
276 111
277 111
438 111
439 111
440 111
441 111
442 111
506 111
507 111
508 111
509 111
510 111
241 112
242 112
243 112
244 112
245 112
246 112
247 112
248 112
249 112
250 112
251 112
252 112
253 112
254 112
255 112
256 112
257 112
258 112
259 112
260 112
261 112
262 112
263 112
264 112
265 112
266 112
267 112
268 112
269 112
270 112
271 112
272 112
273 112
274 112
275 112
276 112
277 112
278 112
279 112
280 112
281 112
282 112
283 112
438 112
439 112
440 112
441 112
442 112
506 112
507 112
508 112
509 112
510 112
242 113
243 113
244 113
245 113
246 113
247 113
248 113
249 113
250 113
251 113
252 113
253 113
254 113
255 113
256 113
257 113
258 113
259 113
260 113
261 113
262 113
263 113
264 113
265 113
266 113
267 113
268 113
269 113
270 113
271 113
272 113
273 113
274 113
275 113
276 113
277 113
278 113
279 113
280 113
281 113
282 113
283 113
284 113
285 113
286 113
438 113
439 113
440 113
441 113
442 113
506 113
507 113
508 113
509 113
510 113
243 114
244 114
245 114
246 114
247 114
248 114
249 114
250 114
251 114
252 114
253 114
254 114
255 114
256 114
257 114
258 114
259 114
260 114
261 114
262 114
263 114
264 114
265 114
266 114
267 114
268 114
269 114
270 114
271 114
272 114
273 114
274 114
275 114
276 114
277 114
278 114
279 114
280 114
281 114
282 114
283 114
284 114
285 114
286 114
287 114
288 114
289 114
290 114
438 114
439 114
440 114
441 114
442 114
443 114
506 114
507 114
508 114
509 114
510 114
511 114
245 115
246 115
247 115
248 115
249 115
250 115
251 115
252 115
253 115
254 115
255 115
256 115
257 115
258 115
259 115
260 115
261 115
262 115
263 115
264 115
265 115
266 115
267 115
268 115
269 115
270 115
271 115
272 115
273 115
274 115
275 115
276 115
277 115
278 115
279 115
280 115
281 115
282 115
283 115
284 115
285 115
286 115
287 115
288 115
289 115
290 115
291 115
292 115
439 115
440 115
441 115
442 115
443 115
507 115
508 115
509 115
510 115
511 115
277 116
278 116
279 116
280 116
281 116
282 116
283 116
284 116
285 116
286 116
287 116
288 116
289 116
290 116
291 116
292 116
293 116
294 116
439 116
440 116
441 116
442 116
443 116
444 116
507 116
508 116
509 116
510 116
511 116
512 116
284 117
285 117
286 117
287 117
288 117
289 117
290 117
291 117
292 117
293 117
294 117
295 117
296 117
440 117
441 117
442 117
443 117
444 117
508 117
509 117
510 117
511 117
512 117
513 117
286 118
287 118
288 118
289 118
290 118
291 118
292 118
293 118
294 118
295 118
296 118
297 118
440 118
441 118
442 118
443 118
444 118
509 118
510 118
511 118
512 118
513 118
290 119
291 119
292 119
293 119
294 119
295 119
296 119
297 119
298 119
299 119
441 119
442 119
443 119
444 119
445 119
509 119
510 119
511 119
512 119
513 119
514 119
292 120
293 120
294 120
295 120
296 120
297 120
298 120
299 120
300 120
442 120
443 120
444 120
445 120
446 120
510 120
511 120
512 120
513 120
514 120
515 120
295 121
296 121
297 121
298 121
299 121
300 121
301 121
443 121
444 121
445 121
446 121
447 121
510 121
511 121
512 121
513 121
514 121
515 121
297 122
298 122
299 122
300 122
301 122
302 122
443 122
444 122
445 122
446 122
447 122
511 122
512 122
513 122
514 122
515 122
516 122
298 123
299 123
300 123
301 123
302 123
303 123
444 123
445 123
446 123
447 123
448 123
512 123
513 123
514 123
515 123
516 123
300 124
301 124
302 124
303 124
304 124
444 124
445 124
446 124
447 124
448 124
512 124
513 124
514 124
515 124
516 124
517 124
301 125
302 125
303 125
304 125
305 125
445 125
446 125
447 125
448 125
449 125
513 125
514 125
515 125
516 125
517 125
301 126
302 126
303 126
304 126
305 126
445 126
446 126
447 126
448 126
449 126
513 126
514 126
515 126
516 126
517 126
518 126
301 127
302 127
303 127
304 127
305 127
446 127
447 127
448 127
449 127
450 127
514 127
515 127
516 127
517 127
518 127
301 128
302 128
303 128
304 128
305 128
446 128
447 128
448 128
449 128
450 128
514 128
515 128
516 128
517 128
518 128
519 128
301 129
302 129
303 129
304 129
305 129
446 129
447 129
448 129
449 129
450 129
515 129
516 129
517 129
518 129
519 129
301 130
302 130
303 130
304 130
305 130
446 130
447 130
448 130
449 130
450 130
451 130
515 130
516 130
517 130
518 130
519 130
301 131
302 131
303 131
304 131
305 131
447 131
448 131
449 131
450 131
451 131
516 131
517 131
518 131
519 131
520 131
301 132
302 132
303 132
304 132
305 132
447 132
448 132
449 132
450 132
451 132
452 132
516 132
517 132
518 132
519 132
520 132
521 132
301 133
302 133
303 133
304 133
305 133
448 133
449 133
450 133
451 133
452 133
517 133
518 133
519 133
520 133
521 133
301 134
302 134
303 134
304 134
305 134
448 134
449 134
450 134
451 134
452 134
453 134
517 134
518 134
519 134
520 134
521 134
522 134
301 135
302 135
303 135
304 135
305 135
449 135
450 135
451 135
452 135
453 135
518 135
519 135
520 135
521 135
522 135
300 136
301 136
302 136
303 136
304 136
449 136
450 136
451 136
452 136
453 136
454 136
518 136
519 136
520 136
521 136
522 136
300 137
301 137
302 137
303 137
304 137
451 137
452 137
453 137
454 137
455 137
519 137
520 137
521 137
522 137
523 137
524 137
300 138
301 138
302 138
303 138
304 138
451 138
452 138
453 138
454 138
455 138
520 138
521 138
522 138
523 138
524 138
299 139
300 139
301 139
302 139
303 139
451 139
452 139
453 139
454 139
455 139
520 139
521 139
522 139
523 139
524 139
525 139
299 140
300 140
301 140
302 140
303 140
452 140
453 140
454 140
455 140
456 140
521 140
522 140
523 140
524 140
525 140
526 140
299 141
300 141
301 141
302 141
303 141
452 141
453 141
454 141
455 141
456 141
521 141
522 141
523 141
524 141
525 141
526 141
527 141
298 142
299 142
300 142
301 142
302 142
453 142
454 142
455 142
456 142
457 142
523 142
524 142
525 142
526 142
527 142
528 142
298 143
299 143
300 143
301 143
302 143
453 143
454 143
455 143
456 143
457 143
525 143
526 143
527 143
528 143
529 143
298 144
299 144
300 144
301 144
302 144
453 144
454 144
455 144
456 144
457 144
526 144
527 144
528 144
529 144
530 144
297 145
298 145
299 145
300 145
301 145
302 145
454 145
455 145
456 145
457 145
458 145
527 145
528 145
529 145
530 145
531 145
297 146
298 146
299 146
300 146
301 146
454 146
455 146
456 146
457 146
458 146
528 146
529 146
530 146
531 146
532 146
296 147
297 147
298 147
299 147
300 147
301 147
454 147
455 147
456 147
457 147
458 147
529 147
530 147
531 147
532 147
533 147
296 148
297 148
298 148
299 148
300 148
454 148
455 148
456 148
457 148
458 148
530 148
531 148
532 148
533 148
534 148
295 149
296 149
297 149
298 149
299 149
300 149
454 149
455 149
456 149
457 149
458 149
531 149
532 149
533 149
534 149
535 149
295 150
296 150
297 150
298 150
299 150
455 150
456 150
457 150
458 150
459 150
532 150
533 150
534 150
294 151
295 151
296 151
297 151
298 151
299 151
455 151
456 151
457 151
458 151
459 151
533 151
294 152
295 152
296 152
297 152
298 152
455 152
456 152
457 152
458 152
459 152
293 153
294 153
295 153
296 153
297 153
298 153
455 153
456 153
457 153
458 153
459 153
293 154
294 154
295 154
296 154
297 154
455 154
456 154
457 154
458 154
459 154
293 155
294 155
295 155
296 155
297 155
455 155
456 155
457 155
458 155
459 155
293 156
294 156
295 156
296 156
297 156
455 156
456 156
457 156
458 156
459 156
292 157
293 157
294 157
295 157
296 157
297 157
455 157
456 157
457 157
458 157
459 157
292 158
293 158
294 158
295 158
296 158
455 158
456 158
457 158
458 158
459 158
292 159
293 159
294 159
295 159
296 159
454 159
455 159
456 159
457 159
458 159
292 160
293 160
294 160
295 160
296 160
454 160
455 160
456 160
457 160
458 160
292 161
293 161
294 161
295 161
296 161
454 161
455 161
456 161
457 161
458 161
292 162
293 162
294 162
295 162
296 162
454 162
455 162
456 162
457 162
458 162
292 163
293 163
294 163
295 163
296 163
454 163
455 163
456 163
457 163
458 163
292 164
293 164
294 164
295 164
296 164
453 164
454 164
455 164
456 164
457 164
458 164
292 165
293 165
294 165
295 165
296 165
453 165
454 165
455 165
456 165
457 165
292 166
293 166
294 166
295 166
296 166
452 166
453 166
454 166
455 166
456 166
292 167
293 167
294 167
295 167
296 167
451 167
452 167
453 167
454 167
455 167
456 167
292 168
293 168
294 168
295 168
296 168
297 168
451 168
452 168
453 168
454 168
455 168
293 169
294 169
295 169
296 169
297 169
450 169
451 169
452 169
453 169
454 169
293 170
294 170
295 170
296 170
297 170
449 170
450 170
451 170
452 170
453 170
454 170
293 171
294 171
295 171
296 171
297 171
449 171
450 171
451 171
452 171
453 171
293 172
294 172
295 172
296 172
297 172
298 172
448 172
449 172
450 172
451 172
452 172
294 173
295 173
296 173
297 173
298 173
447 173
448 173
449 173
450 173
451 173
294 174
295 174
296 174
297 174
298 174
446 174
447 174
448 174
449 174
450 174
451 174
294 175
295 175
296 175
297 175
298 175
446 175
447 175
448 175
449 175
450 175
294 176
295 176
296 176
297 176
298 176
445 176
446 176
447 176
448 176
449 176
294 177
295 177
296 177
297 177
298 177
299 177
444 177
445 177
446 177
447 177
448 177
295 178
296 178
297 178
298 178
299 178
442 178
443 178
444 178
445 178
446 178
447 178
295 179
296 179
297 179
298 179
299 179
441 179
442 179
443 179
444 179
445 179
446 179
447 179
295 180
296 180
297 180
298 180
299 180
438 180
439 180
440 180
441 180
442 180
443 180
444 180
445 180
446 180
295 181
296 181
297 181
298 181
299 181
437 181
438 181
439 181
440 181
441 181
442 181
443 181
444 181
445 181
296 182
297 182
298 182
299 182
300 182
331 182
332 182
333 182
334 182
335 182
336 182
337 182
338 182
339 182
340 182
341 182
342 182
343 182
344 182
345 182
346 182
347 182
348 182
349 182
350 182
435 182
436 182
437 182
438 182
439 182
440 182
441 182
442 182
443 182
297 183
298 183
299 183
300 183
301 183
327 183
328 183
329 183
330 183
331 183
332 183
333 183
334 183
335 183
336 183
337 183
338 183
339 183
340 183
341 183
342 183
343 183
344 183
345 183
346 183
347 183
348 183
349 183
350 183
351 183
352 183
353 183
433 183
434 183
435 183
436 183
437 183
438 183
439 183
440 183
441 183
297 184
298 184
299 184
300 184
301 184
302 184
325 184
326 184
327 184
328 184
329 184
330 184
331 184
332 184
333 184
334 184
335 184
336 184
337 184
338 184
339 184
340 184
341 184
342 184
343 184
344 184
345 184
346 184
347 184
348 184
349 184
350 184
351 184
352 184
353 184
354 184
355 184
431 184
432 184
433 184
434 184
435 184
436 184
437 184
438 184
439 184
440 184
298 185
299 185
300 185
301 185
302 185
303 185
321 185
322 185
323 185
324 185
325 185
326 185
327 185
328 185
329 185
330 185
331 185
332 185
333 185
334 185
335 185
336 185
337 185
338 185
339 185
340 185
341 185
342 185
343 185
344 185
345 185
346 185
347 185
348 185
349 185
350 185
351 185
352 185
353 185
354 185
355 185
356 185
357 185
429 185
430 185
431 185
432 185
433 185
434 185
435 185
436 185
437 185
299 186
300 186
301 186
302 186
303 186
304 186
305 186
317 186
318 186
319 186
320 186
321 186
322 186
323 186
324 186
325 186
326 186
327 186
328 186
329 186
330 186
331 186
332 186
333 186
334 186
335 186
336 186
337 186
338 186
339 186
340 186
341 186
342 186
343 186
344 186
345 186
346 186
347 186
348 186
349 186
350 186
351 186
352 186
353 186
354 186
355 186
356 186
357 186
358 186
427 186
428 186
429 186
430 186
431 186
432 186
433 186
434 186
435 186
436 186
437 186
300 187
301 187
302 187
303 187
304 187
305 187
306 187
307 187
308 187
309 187
310 187
311 187
312 187
313 187
314 187
315 187
316 187
317 187
318 187
319 187
320 187
321 187
322 187
323 187
324 187
325 187
326 187
327 187
328 187
329 187
330 187
331 187
351 187
352 187
353 187
354 187
355 187
356 187
357 187
358 187
359 187
426 187
427 187
428 187
429 187
430 187
431 187
432 187
433 187
434 187
435 187
301 188
302 188
303 188
304 188
305 188
306 188
307 188
308 188
309 188
310 188
311 188
312 188
313 188
314 188
315 188
316 188
317 188
318 188
319 188
320 188
321 188
322 188
323 188
324 188
325 188
326 188
327 188
354 188
355 188
356 188
357 188
358 188
359 188
360 188
424 188
425 188
426 188
427 188
428 188
429 188
430 188
431 188
432 188
433 188
303 189
304 189
305 189
306 189
307 189
308 189
309 189
310 189
311 189
312 189
313 189
314 189
315 189
316 189
317 189
318 189
319 189
320 189
321 189
322 189
323 189
324 189
325 189
356 189
357 189
358 189
359 189
360 189
361 189
423 189
424 189
425 189
426 189
427 189
428 189
429 189
430 189
431 189
304 190
305 190
306 190
307 190
308 190
309 190
310 190
311 190
312 190
313 190
314 190
315 190
316 190
317 190
318 190
319 190
320 190
321 190
358 190
359 190
360 190
361 190
362 190
422 190
423 190
424 190
425 190
426 190
427 190
428 190
429 190
306 191
307 191
308 191
309 191
310 191
311 191
312 191
313 191
314 191
315 191
316 191
317 191
358 191
359 191
360 191
361 191
362 191
420 191
421 191
422 191
423 191
424 191
425 191
426 191
427 191
358 192
359 192
360 192
361 192
362 192
418 192
419 192
420 192
421 192
422 192
423 192
424 192
425 192
358 193
359 193
360 193
361 193
362 193
416 193
417 193
418 193
419 193
420 193
421 193
422 193
423 193
358 194
359 194
360 194
361 194
362 194
415 194
416 194
417 194
418 194
419 194
420 194
421 194
422 194
357 195
358 195
359 195
360 195
361 195
362 195
414 195
415 195
416 195
417 195
418 195
419 195
420 195
421 195
357 196
358 196
359 196
360 196
361 196
413 196
414 196
415 196
416 196
417 196
418 196
419 196
357 197
358 197
359 197
360 197
361 197
411 197
412 197
413 197
414 197
415 197
416 197
417 197
356 198
357 198
358 198
359 198
360 198
361 198
409 198
410 198
411 198
412 198
413 198
414 198
415 198
356 199
357 199
358 199
359 199
360 199
407 199
408 199
409 199
410 199
411 199
412 199
413 199
414 199
356 200
357 200
358 200
359 200
360 200
406 200
407 200
408 200
409 200
410 200
411 200
412 200
413 200
356 201
357 201
358 201
359 201
360 201
405 201
406 201
407 201
408 201
409 201
410 201
411 201
412 201
413 201
355 202
356 202
357 202
358 202
359 202
360 202
403 202
404 202
405 202
406 202
407 202
408 202
409 202
410 202
411 202
355 203
356 203
357 203
358 203
359 203
401 203
402 203
403 203
404 203
405 203
406 203
407 203
408 203
409 203
354 204
355 204
356 204
357 204
358 204
359 204
401 204
402 204
403 204
404 204
405 204
406 204
407 204
354 205
355 205
356 205
357 205
358 205
400 205
401 205
402 205
403 205
404 205
405 205
354 206
355 206
356 206
357 206
358 206
400 206
401 206
402 206
403 206
404 206
405 206
353 207
354 207
355 207
356 207
357 207
358 207
399 207
400 207
401 207
402 207
403 207
353 208
354 208
355 208
356 208
357 208
398 208
399 208
400 208
401 208
402 208
352 209
353 209
354 209
355 209
356 209
357 209
397 209
398 209
399 209
400 209
401 209
352 210
353 210
354 210
355 210
356 210
397 210
398 210
399 210
400 210
401 210
352 211
353 211
354 211
355 211
356 211
396 211
397 211
398 211
399 211
400 211
351 212
352 212
353 212
354 212
355 212
356 212
396 212
397 212
398 212
399 212
400 212
351 213
352 213
353 213
354 213
355 213
395 213
396 213
397 213
398 213
399 213
350 214
351 214
352 214
353 214
354 214
355 214
394 214
395 214
396 214
397 214
398 214
350 215
351 215
352 215
353 215
354 215
394 215
395 215
396 215
397 215
398 215
348 216
349 216
350 216
351 216
352 216
353 216
354 216
393 216
394 216
395 216
396 216
397 216
348 217
349 217
350 217
351 217
352 217
393 217
394 217
395 217
396 217
397 217
347 218
348 218
349 218
350 218
351 218
352 218
393 218
394 218
395 218
396 218
397 218
346 219
347 219
348 219
349 219
350 219
351 219
392 219
393 219
394 219
395 219
396 219
346 220
347 220
348 220
349 220
350 220
351 220
392 220
393 220
394 220
395 220
396 220
345 221
346 221
347 221
348 221
349 221
350 221
392 221
393 221
394 221
395 221
396 221
345 222
346 222
347 222
348 222
349 222
392 222
393 222
394 222
395 222
396 222
344 223
345 223
346 223
347 223
348 223
349 223
392 223
393 223
394 223
395 223
396 223
343 224
344 224
345 224
346 224
347 224
392 224
393 224
394 224
395 224
396 224
341 225
342 225
343 225
344 225
345 225
346 225
393 225
394 225
395 225
396 225
397 225
341 226
342 226
343 226
344 226
345 226
393 226
394 226
395 226
396 226
397 226
340 227
341 227
342 227
343 227
344 227
345 227
393 227
394 227
395 227
396 227
397 227
339 228
340 228
341 228
342 228
343 228
344 228
393 228
394 228
395 228
396 228
397 228
339 229
340 229
341 229
342 229
343 229
344 229
393 229
394 229
395 229
396 229
397 229
338 230
339 230
340 230
341 230
342 230
343 230
393 230
394 230
395 230
396 230
397 230
338 231
339 231
340 231
341 231
342 231
393 231
394 231
395 231
396 231
397 231
337 232
338 232
339 232
340 232
341 232
342 232
393 232
394 232
395 232
396 232
397 232
336 233
337 233
338 233
339 233
340 233
393 233
394 233
395 233
396 233
397 233
335 234
336 234
337 234
338 234
339 234
393 234
394 234
395 234
396 234
397 234
334 235
335 235
336 235
337 235
338 235
392 235
393 235
394 235
395 235
396 235
332 236
333 236
334 236
335 236
336 236
337 236
392 236
393 236
394 236
395 236
396 236
332 237
333 237
334 237
335 237
336 237
391 237
392 237
393 237
394 237
395 237
330 238
331 238
332 238
333 238
334 238
335 238
336 238
391 238
392 238
393 238
394 238
395 238
330 239
331 239
332 239
333 239
334 239
335 239
391 239
392 239
393 239
394 239
395 239
328 240
329 240
330 240
331 240
332 240
333 240
334 240
335 240
390 240
391 240
392 240
393 240
394 240
328 241
329 241
330 241
331 241
332 241
333 241
334 241
390 241
391 241
392 241
393 241
394 241
326 242
327 242
328 242
329 242
330 242
331 242
332 242
390 242
391 242
392 242
393 242
394 242
326 243
327 243
328 243
329 243
330 243
331 243
389 243
390 243
391 243
392 243
393 243
394 243
325 244
326 244
327 244
328 244
329 244
330 244
331 244
389 244
390 244
391 244
392 244
393 244
323 245
324 245
325 245
326 245
327 245
328 245
329 245
330 245
388 245
389 245
390 245
391 245
392 245
393 245
321 246
322 246
323 246
324 246
325 246
326 246
327 246
328 246
388 246
389 246
390 246
391 246
392 246
320 247
321 247
322 247
323 247
324 247
325 247
326 247
387 247
388 247
389 247
390 247
391 247
392 247
318 248
319 248
320 248
321 248
322 248
323 248
324 248
325 248
387 248
388 248
389 248
390 248
391 248
318 249
319 249
320 249
321 249
322 249
323 249
324 249
325 249
386 249
387 249
388 249
389 249
390 249
391 249
317 250
318 250
319 250
320 250
321 250
322 250
323 250
386 250
387 250
388 250
389 250
390 250
316 251
317 251
318 251
319 251
320 251
321 251
322 251
385 251
386 251
387 251
388 251
389 251
390 251
315 252
316 252
317 252
318 252
319 252
320 252
385 252
386 252
387 252
388 252
389 252
313 253
314 253
315 253
316 253
317 253
318 253
384 253
385 253
386 253
387 253
388 253
313 254
314 254
315 254
316 254
317 254
383 254
384 254
385 254
386 254
387 254
312 255
313 255
314 255
315 255
316 255
317 255
382 255
383 255
384 255
385 255
386 255
312 256
313 256
314 256
315 256
316 256
381 256
382 256
383 256
384 256
385 256
310 257
311 257
312 257
313 257
314 257
315 257
316 257
380 257
381 257
382 257
383 257
384 257
310 258
311 258
312 258
313 258
314 258
380 258
381 258
382 258
383 258
384 258
309 259
310 259
311 259
312 259
313 259
314 259
379 259
380 259
381 259
382 259
383 259
384 259
309 260
310 260
311 260
312 260
313 260
379 260
380 260
381 260
382 260
383 260
308 261
309 261
310 261
311 261
312 261
313 261
378 261
379 261
380 261
381 261
382 261
383 261
308 262
309 262
310 262
311 262
312 262
378 262
379 262
380 262
381 262
382 262
307 263
308 263
309 263
310 263
311 263
312 263
377 263
378 263
379 263
380 263
381 263
382 263
307 264
308 264
309 264
310 264
311 264
377 264
378 264
379 264
380 264
381 264
306 265
307 265
308 265
309 265
310 265
311 265
376 265
377 265
378 265
379 265
380 265
306 266
307 266
308 266
309 266
310 266
375 266
376 266
377 266
378 266
379 266
306 267
307 267
308 267
309 267
310 267
374 267
375 267
376 267
377 267
378 267
306 268
307 268
308 268
309 268
310 268
374 268
375 268
376 268
377 268
378 268
305 269
306 269
307 269
308 269
309 269
310 269
373 269
374 269
375 269
376 269
377 269
305 270
306 270
307 270
308 270
309 270
371 270
372 270
373 270
374 270
375 270
376 270
305 271
306 271
307 271
308 271
309 271
371 271
372 271
373 271
374 271
375 271
305 272
306 272
307 272
308 272
309 272
370 272
371 272
372 272
373 272
374 272
375 272
305 273
306 273
307 273
308 273
309 273
370 273
371 273
372 273
373 273
374 273
305 274
306 274
307 274
308 274
309 274
369 274
370 274
371 274
372 274
373 274
374 274
305 275
306 275
307 275
308 275
309 275
368 275
369 275
370 275
371 275
372 275
373 275
305 276
306 276
307 276
308 276
309 276
368 276
369 276
370 276
371 276
372 276
305 277
306 277
307 277
308 277
309 277
367 277
368 277
369 277
370 277
371 277
372 277
305 278
306 278
307 278
308 278
309 278
310 278
367 278
368 278
369 278
370 278
371 278
306 279
307 279
308 279
309 279
310 279
365 279
366 279
367 279
368 279
369 279
370 279
371 279
306 280
307 280
308 280
309 280
310 280
311 280
363 280
364 280
365 280
366 280
367 280
368 280
369 280
307 281
308 281
309 281
310 281
311 281
363 281
364 281
365 281
366 281
367 281
368 281
307 282
308 282
309 282
310 282
311 282
361 282
362 282
363 282
364 282
365 282
366 282
367 282
308 283
309 283
310 283
311 283
312 283
359 283
360 283
361 283
362 283
363 283
364 283
365 283
366 283
367 283
309 284
310 284
311 284
312 284
313 284
314 284
357 284
358 284
359 284
360 284
361 284
362 284
363 284
364 284
365 284
309 285
310 285
311 285
312 285
313 285
314 285
315 285
316 285
317 285
318 285
355 285
356 285
357 285
358 285
359 285
360 285
361 285
362 285
363 285
310 286
311 286
312 286
313 286
314 286
315 286
316 286
317 286
318 286
319 286
320 286
353 286
354 286
355 286
356 286
357 286
358 286
359 286
360 286
361 286
362 286
363 286
311 287
312 287
313 287
314 287
315 287
316 287
317 287
318 287
319 287
320 287
321 287
322 287
323 287
324 287
351 287
352 287
353 287
354 287
355 287
356 287
357 287
358 287
359 287
360 287
361 287
312 288
313 288
314 288
315 288
316 288
317 288
318 288
319 288
320 288
321 288
322 288
323 288
324 288
325 288
326 288
349 288
350 288
351 288
352 288
353 288
354 288
355 288
356 288
357 288
358 288
359 288
315 289
316 289
317 289
318 289
319 289
320 289
321 289
322 289
323 289
324 289
325 289
326 289
327 289
328 289
345 289
346 289
347 289
348 289
349 289
350 289
351 289
352 289
353 289
354 289
355 289
356 289
357 289
318 290
319 290
320 290
321 290
322 290
323 290
324 290
325 290
326 290
327 290
328 290
329 290
330 290
331 290
332 290
333 290
334 290
335 290
336 290
337 290
338 290
339 290
340 290
341 290
342 290
343 290
344 290
345 290
346 290
347 290
348 290
349 290
350 290
351 290
352 290
353 290
354 290
355 290
320 291
321 291
322 291
323 291
324 291
325 291
326 291
327 291
328 291
329 291
330 291
331 291
332 291
333 291
334 291
335 291
336 291
337 291
338 291
339 291
340 291
341 291
342 291
343 291
344 291
345 291
346 291
347 291
348 291
349 291
350 291
351 291
352 291
353 291
324 292
325 292
326 292
327 292
328 292
329 292
330 292
331 292
332 292
333 292
334 292
335 292
336 292
337 292
338 292
339 292
340 292
341 292
342 292
343 292
344 292
345 292
346 292
347 292
348 292
349 292
350 292
351 292
326 293
327 293
328 293
329 293
330 293
331 293
332 293
333 293
334 293
335 293
336 293
337 293
338 293
339 293
340 293
341 293
342 293
343 293
344 293
345 293
346 293
347 293
348 293
349 293
329 294
330 294
331 294
332 294
333 294
334 294
335 294
336 294
337 294
338 294
339 294
340 294
341 294
342 294
343 294
344 294
345 294
