/home/daniel/Projects/GIT/PhD/binocs-experiment/images/ds1/cow1.jpg
653 436
1
75 52 407 343 
1
5152
405 71
406 71
407 71
404 72
405 72
406 72
407 72
408 72
409 72
410 72
411 72
403 73
404 73
405 73
406 73
407 73
408 73
409 73
410 73
411 73
412 73
413 73
404 74
405 74
406 74
407 74
408 74
409 74
410 74
411 74
412 74
413 74
414 74
415 74
416 74
405 75
406 75
407 75
408 75
409 75
410 75
411 75
412 75
413 75
414 75
415 75
416 75
417 75
418 75
407 76
408 76
409 76
410 76
411 76
412 76
413 76
414 76
415 76
416 76
417 76
418 76
419 76
412 77
413 77
414 77
415 77
416 77
417 77
418 77
419 77
420 77
414 78
415 78
416 78
417 78
418 78
419 78
420 78
421 78
416 79
417 79
418 79
419 79
420 79
421 79
422 79
418 80
419 80
420 80
421 80
422 80
423 80
419 81
420 81
421 81
422 81
423 81
419 82
420 82
421 82
422 82
423 82
419 83
420 83
421 83
422 83
423 83
419 84
420 84
421 84
422 84
423 84
419 85
420 85
421 85
422 85
423 85
418 86
419 86
420 86
421 86
422 86
423 86
418 87
419 87
420 87
421 87
422 87
417 88
418 88
419 88
420 88
421 88
422 88
416 89
417 89
418 89
419 89
420 89
421 89
416 90
417 90
418 90
419 90
420 90
416 91
417 91
418 91
419 91
420 91
415 92
416 92
417 92
418 92
419 92
387 93
388 93
389 93
390 93
391 93
392 93
393 93
394 93
395 93
396 93
397 93
398 93
399 93
400 93
413 93
414 93
415 93
416 93
417 93
418 93
384 94
385 94
386 94
387 94
388 94
389 94
390 94
391 94
392 94
393 94
394 94
395 94
396 94
397 94
398 94
399 94
400 94
401 94
402 94
403 94
412 94
413 94
414 94
415 94
416 94
417 94
418 94
381 95
382 95
383 95
384 95
385 95
386 95
387 95
388 95
389 95
390 95
391 95
392 95
393 95
394 95
395 95
396 95
397 95
398 95
399 95
400 95
401 95
402 95
403 95
404 95
405 95
406 95
407 95
408 95
409 95
410 95
411 95
412 95
413 95
414 95
415 95
416 95
417 95
379 96
380 96
381 96
382 96
383 96
384 96
385 96
386 96
387 96
388 96
389 96
390 96
391 96
392 96
393 96
394 96
395 96
396 96
397 96
398 96
399 96
400 96
401 96
402 96
403 96
404 96
405 96
406 96
407 96
408 96
409 96
410 96
411 96
412 96
413 96
414 96
415 96
416 96
377 97
378 97
379 97
380 97
381 97
382 97
383 97
384 97
385 97
386 97
387 97
388 97
389 97
390 97
391 97
392 97
393 97
394 97
395 97
396 97
397 97
398 97
399 97
400 97
401 97
402 97
403 97
404 97
405 97
406 97
407 97
408 97
409 97
410 97
411 97
412 97
413 97
414 97
376 98
377 98
378 98
379 98
380 98
381 98
382 98
383 98
384 98
385 98
386 98
401 98
402 98
403 98
404 98
405 98
406 98
407 98
408 98
409 98
410 98
411 98
412 98
413 98
375 99
376 99
377 99
378 99
379 99
380 99
381 99
382 99
383 99
384 99
404 99
405 99
406 99
407 99
408 99
409 99
410 99
411 99
412 99
374 100
375 100
376 100
377 100
378 100
379 100
380 100
372 101
373 101
374 101
375 101
376 101
377 101
378 101
370 102
371 102
372 102
373 102
374 102
375 102
376 102
369 103
370 103
371 103
372 103
373 103
374 103
375 103
367 104
368 104
369 104
370 104
371 104
372 104
373 104
374 104
366 105
367 105
368 105
369 105
370 105
371 105
372 105
373 105
364 106
365 106
366 106
367 106
368 106
369 106
370 106
371 106
363 107
364 107
365 107
366 107
367 107
368 107
369 107
362 108
363 108
364 108
365 108
366 108
367 108
368 108
362 109
363 109
364 109
365 109
366 109
362 110
363 110
364 110
365 110
366 110
362 111
363 111
364 111
365 111
366 111
363 112
364 112
365 112
366 112
367 112
363 113
364 113
365 113
366 113
367 113
368 113
364 114
365 114
366 114
367 114
368 114
369 114
370 114
365 115
366 115
367 115
368 115
369 115
370 115
371 115
372 115
366 116
367 116
368 116
369 116
370 116
371 116
372 116
373 116
374 116
375 116
376 116
377 116
378 116
379 116
380 116
381 116
382 116
383 116
384 116
385 116
386 116
387 116
388 116
389 116
390 116
391 116
392 116
393 116
394 116
367 117
368 117
369 117
370 117
371 117
372 117
373 117
374 117
375 117
376 117
377 117
378 117
379 117
380 117
381 117
382 117
383 117
384 117
385 117
386 117
387 117
388 117
389 117
390 117
391 117
392 117
393 117
394 117
395 117
396 117
397 117
398 117
369 118
370 118
371 118
372 118
373 118
374 118
375 118
376 118
377 118
378 118
379 118
380 118
381 118
382 118
383 118
384 118
385 118
386 118
387 118
388 118
389 118
390 118
391 118
392 118
393 118
394 118
395 118
396 118
397 118
398 118
399 118
371 119
372 119
373 119
374 119
375 119
376 119
377 119
378 119
379 119
380 119
381 119
382 119
383 119
384 119
385 119
386 119
387 119
388 119
389 119
390 119
391 119
392 119
393 119
394 119
395 119
396 119
397 119
398 119
399 119
400 119
401 119
402 119
372 120
373 120
374 120
375 120
376 120
377 120
378 120
379 120
380 120
381 120
382 120
383 120
384 120
385 120
386 120
387 120
388 120
389 120
390 120
391 120
392 120
393 120
394 120
395 120
396 120
397 120
398 120
399 120
400 120
401 120
402 120
403 120
395 121
396 121
397 121
398 121
399 121
400 121
401 121
402 121
403 121
404 121
405 121
398 122
399 122
400 122
401 122
402 122
403 122
404 122
405 122
406 122
400 123
401 123
402 123
403 123
404 123
405 123
406 123
407 123
402 124
403 124
404 124
405 124
406 124
407 124
403 125
404 125
405 125
406 125
407 125
403 126
404 126
405 126
406 126
407 126
403 127
404 127
405 127
406 127
407 127
217 128
218 128
219 128
220 128
221 128
222 128
223 128
403 128
404 128
405 128
406 128
407 128
216 129
217 129
218 129
219 129
220 129
221 129
222 129
223 129
224 129
225 129
403 129
404 129
405 129
406 129
407 129
215 130
216 130
217 130
218 130
219 130
220 130
221 130
222 130
223 130
224 130
225 130
226 130
403 130
404 130
405 130
406 130
407 130
213 131
214 131
215 131
216 131
217 131
218 131
219 131
220 131
221 131
222 131
223 131
224 131
225 131
226 131
227 131
402 131
403 131
404 131
405 131
406 131
407 131
211 132
212 132
213 132
214 132
215 132
216 132
217 132
218 132
219 132
220 132
221 132
222 132
223 132
224 132
225 132
226 132
227 132
228 132
402 132
403 132
404 132
405 132
406 132
211 133
212 133
213 133
214 133
215 133
216 133
217 133
224 133
225 133
226 133
227 133
228 133
229 133
402 133
403 133
404 133
405 133
406 133
209 134
210 134
211 134
212 134
213 134
214 134
215 134
225 134
226 134
227 134
228 134
229 134
401 134
402 134
403 134
404 134
405 134
406 134
209 135
210 135
211 135
212 135
213 135
214 135
226 135
227 135
228 135
229 135
230 135
400 135
401 135
402 135
403 135
404 135
405 135
208 136
209 136
210 136
211 136
212 136
213 136
214 136
227 136
228 136
229 136
230 136
231 136
399 136
400 136
401 136
402 136
403 136
404 136
208 137
209 137
210 137
211 137
212 137
228 137
229 137
230 137
231 137
232 137
398 137
399 137
400 137
401 137
402 137
403 137
207 138
208 138
209 138
210 138
211 138
212 138
229 138
230 138
231 138
232 138
233 138
397 138
398 138
399 138
400 138
401 138
402 138
114 139
115 139
116 139
117 139
118 139
119 139
120 139
121 139
122 139
123 139
206 139
207 139
208 139
209 139
210 139
230 139
231 139
232 139
233 139
234 139
235 139
395 139
396 139
397 139
398 139
399 139
400 139
401 139
113 140
114 140
115 140
116 140
117 140
118 140
119 140
120 140
121 140
122 140
123 140
124 140
125 140
126 140
127 140
204 140
205 140
206 140
207 140
208 140
209 140
210 140
231 140
232 140
233 140
234 140
235 140
393 140
394 140
395 140
396 140
397 140
398 140
399 140
400 140
112 141
113 141
114 141
115 141
116 141
117 141
118 141
119 141
120 141
121 141
122 141
123 141
124 141
125 141
126 141
127 141
128 141
129 141
130 141
204 141
205 141
206 141
207 141
208 141
209 141
231 141
232 141
233 141
234 141
235 141
236 141
391 141
392 141
393 141
394 141
395 141
396 141
397 141
398 141
399 141
111 142
112 142
113 142
114 142
115 142
116 142
117 142
118 142
119 142
120 142
121 142
122 142
123 142
124 142
125 142
126 142
127 142
128 142
129 142
130 142
131 142
202 142
203 142
204 142
205 142
206 142
207 142
208 142
232 142
233 142
234 142
235 142
236 142
390 142
391 142
392 142
393 142
394 142
395 142
396 142
397 142
398 142
110 143
111 143
112 143
113 143
114 143
115 143
116 143
117 143
118 143
119 143
120 143
121 143
122 143
123 143
124 143
125 143
126 143
127 143
128 143
129 143
130 143
131 143
132 143
133 143
202 143
203 143
204 143
205 143
206 143
207 143
232 143
233 143
234 143
235 143
236 143
237 143
388 143
389 143
390 143
391 143
392 143
393 143
394 143
395 143
396 143
110 144
111 144
112 144
113 144
114 144
123 144
124 144
125 144
126 144
127 144
128 144
129 144
130 144
131 144
132 144
133 144
134 144
135 144
201 144
202 144
203 144
204 144
205 144
206 144
207 144
233 144
234 144
235 144
236 144
237 144
386 144
387 144
388 144
389 144
390 144
391 144
392 144
393 144
394 144
110 145
111 145
112 145
113 145
114 145
115 145
128 145
129 145
130 145
131 145
132 145
133 145
134 145
135 145
136 145
201 145
202 145
203 145
204 145
205 145
206 145
233 145
234 145
235 145
236 145
237 145
383 145
384 145
385 145
386 145
387 145
388 145
389 145
390 145
391 145
392 145
393 145
111 146
112 146
113 146
114 146
115 146
130 146
131 146
132 146
133 146
134 146
135 146
136 146
137 146
200 146
201 146
202 146
203 146
204 146
205 146
233 146
234 146
235 146
236 146
237 146
238 146
381 146
382 146
383 146
384 146
385 146
386 146
387 146
388 146
389 146
390 146
391 146
111 147
112 147
113 147
114 147
115 147
132 147
133 147
134 147
135 147
136 147
137 147
138 147
139 147
200 147
201 147
202 147
203 147
204 147
234 147
235 147
236 147
237 147
238 147
380 147
381 147
382 147
383 147
384 147
385 147
386 147
387 147
388 147
389 147
390 147
111 148
112 148
113 148
114 148
115 148
134 148
135 148
136 148
137 148
138 148
139 148
140 148
199 148
200 148
201 148
202 148
203 148
204 148
234 148
235 148
236 148
237 148
238 148
378 148
379 148
380 148
381 148
382 148
383 148
384 148
385 148
386 148
387 148
111 149
112 149
113 149
114 149
115 149
135 149
136 149
137 149
138 149
139 149
140 149
141 149
142 149
198 149
199 149
200 149
201 149
202 149
234 149
235 149
236 149
237 149
238 149
376 149
377 149
378 149
379 149
380 149
381 149
382 149
383 149
384 149
385 149
111 150
112 150
113 150
114 150
115 150
137 150
138 150
139 150
140 150
141 150
142 150
143 150
144 150
196 150
197 150
198 150
199 150
200 150
201 150
234 150
235 150
236 150
237 150
238 150
376 150
377 150
378 150
379 150
380 150
381 150
382 150
383 150
111 151
112 151
113 151
114 151
115 151
138 151
139 151
140 151
141 151
142 151
143 151
144 151
194 151
195 151
196 151
197 151
198 151
199 151
200 151
234 151
235 151
236 151
237 151
238 151
374 151
375 151
376 151
377 151
378 151
379 151
380 151
381 151
382 151
111 152
112 152
113 152
114 152
115 152
140 152
141 152
142 152
143 152
144 152
145 152
193 152
194 152
195 152
196 152
197 152
198 152
199 152
234 152
235 152
236 152
237 152
238 152
372 152
373 152
374 152
375 152
376 152
377 152
378 152
379 152
380 152
111 153
112 153
113 153
114 153
115 153
140 153
141 153
142 153
143 153
144 153
145 153
146 153
193 153
194 153
195 153
196 153
197 153
198 153
234 153
235 153
236 153
237 153
238 153
331 153
332 153
333 153
334 153
335 153
336 153
368 153
369 153
370 153
371 153
372 153
373 153
374 153
375 153
376 153
377 153
378 153
111 154
112 154
113 154
114 154
115 154
142 154
143 154
144 154
145 154
146 154
147 154
148 154
192 154
193 154
194 154
195 154
196 154
197 154
198 154
234 154
235 154
236 154
237 154
238 154
330 154
331 154
332 154
333 154
334 154
335 154
336 154
337 154
338 154
367 154
368 154
369 154
370 154
371 154
372 154
373 154
374 154
375 154
376 154
111 155
112 155
113 155
114 155
115 155
116 155
143 155
144 155
145 155
146 155
147 155
148 155
191 155
192 155
193 155
194 155
195 155
196 155
234 155
235 155
236 155
237 155
238 155
329 155
330 155
331 155
332 155
333 155
334 155
335 155
336 155
337 155
338 155
339 155
340 155
366 155
367 155
368 155
369 155
370 155
371 155
372 155
373 155
374 155
375 155
376 155
112 156
113 156
114 156
115 156
116 156
144 156
145 156
146 156
147 156
148 156
149 156
190 156
191 156
192 156
193 156
194 156
195 156
196 156
234 156
235 156
236 156
237 156
238 156
328 156
329 156
330 156
331 156
332 156
333 156
334 156
335 156
336 156
337 156
338 156
339 156
340 156
341 156
342 156
365 156
366 156
367 156
368 156
369 156
370 156
371 156
372 156
373 156
374 156
112 157
113 157
114 157
115 157
116 157
144 157
145 157
146 157
147 157
148 157
149 157
150 157
188 157
189 157
190 157
191 157
192 157
193 157
194 157
234 157
235 157
236 157
237 157
238 157
327 157
328 157
329 157
330 157
331 157
332 157
333 157
334 157
335 157
336 157
337 157
338 157
339 157
340 157
341 157
342 157
343 157
363 157
364 157
365 157
366 157
367 157
368 157
369 157
370 157
371 157
372 157
112 158
113 158
114 158
115 158
116 158
146 158
147 158
148 158
149 158
150 158
151 158
186 158
187 158
188 158
189 158
190 158
191 158
192 158
234 158
235 158
236 158
237 158
238 158
327 158
328 158
329 158
330 158
331 158
337 158
338 158
339 158
340 158
341 158
342 158
343 158
344 158
345 158
362 158
363 158
364 158
365 158
366 158
367 158
368 158
112 159
113 159
114 159
115 159
116 159
148 159
149 159
150 159
151 159
152 159
185 159
186 159
187 159
188 159
189 159
190 159
191 159
234 159
235 159
236 159
237 159
238 159
326 159
327 159
328 159
329 159
330 159
331 159
339 159
340 159
341 159
342 159
343 159
344 159
345 159
346 159
347 159
348 159
360 159
361 159
362 159
363 159
364 159
365 159
366 159
367 159
112 160
113 160
114 160
115 160
116 160
149 160
150 160
151 160
152 160
153 160
183 160
184 160
185 160
186 160
187 160
188 160
189 160
190 160
234 160
235 160
236 160
237 160
238 160
326 160
327 160
328 160
329 160
330 160
341 160
342 160
343 160
344 160
345 160
346 160
347 160
348 160
349 160
350 160
351 160
352 160
353 160
354 160
355 160
356 160
357 160
358 160
359 160
360 160
361 160
362 160
363 160
364 160
365 160
113 161
114 161
115 161
116 161
117 161
150 161
151 161
152 161
153 161
154 161
181 161
182 161
183 161
184 161
185 161
186 161
187 161
188 161
189 161
190 161
234 161
235 161
236 161
237 161
238 161
325 161
326 161
327 161
328 161
329 161
342 161
343 161
344 161
345 161
346 161
347 161
348 161
349 161
350 161
351 161
352 161
353 161
354 161
355 161
356 161
357 161
358 161
359 161
360 161
361 161
362 161
363 161
364 161
113 162
114 162
115 162
116 162
117 162
151 162
152 162
153 162
154 162
155 162
156 162
180 162
181 162
182 162
183 162
184 162
185 162
186 162
187 162
188 162
234 162
235 162
236 162
237 162
238 162
325 162
326 162
327 162
328 162
329 162
344 162
345 162
346 162
347 162
348 162
349 162
350 162
351 162
352 162
353 162
354 162
355 162
356 162
357 162
358 162
359 162
360 162
361 162
362 162
363 162
113 163
114 163
115 163
116 163
117 163
152 163
153 163
154 163
155 163
156 163
157 163
158 163
179 163
180 163
181 163
182 163
183 163
184 163
185 163
186 163
187 163
234 163
235 163
236 163
237 163
238 163
325 163
326 163
327 163
328 163
329 163
346 163
347 163
348 163
349 163
350 163
351 163
352 163
353 163
354 163
355 163
356 163
357 163
358 163
359 163
360 163
361 163
113 164
114 164
115 164
116 164
117 164
153 164
154 164
155 164
156 164
157 164
158 164
159 164
177 164
178 164
179 164
180 164
181 164
182 164
183 164
184 164
185 164
233 164
234 164
235 164
236 164
237 164
324 164
325 164
326 164
327 164
328 164
349 164
350 164
351 164
352 164
353 164
354 164
355 164
356 164
357 164
358 164
359 164
360 164
113 165
114 165
115 165
116 165
117 165
154 165
155 165
156 165
157 165
158 165
159 165
160 165
161 165
162 165
175 165
176 165
177 165
178 165
179 165
180 165
181 165
182 165
183 165
233 165
234 165
235 165
236 165
237 165
324 165
325 165
326 165
327 165
328 165
114 166
115 166
116 166
117 166
118 166
154 166
155 166
156 166
157 166
158 166
159 166
160 166
161 166
162 166
163 166
164 166
165 166
174 166
175 166
176 166
177 166
178 166
179 166
180 166
181 166
233 166
234 166
235 166
236 166
237 166
324 166
325 166
326 166
327 166
328 166
114 167
115 167
116 167
117 167
118 167
156 167
157 167
158 167
159 167
160 167
161 167
162 167
163 167
164 167
165 167
166 167
167 167
168 167
169 167
170 167
171 167
172 167
173 167
174 167
175 167
176 167
177 167
178 167
179 167
233 167
234 167
235 167
236 167
237 167
324 167
325 167
326 167
327 167
328 167
115 168
116 168
117 168
118 168
119 168
158 168
159 168
160 168
161 168
162 168
163 168
164 168
165 168
166 168
167 168
168 168
169 168
170 168
171 168
172 168
173 168
174 168
175 168
176 168
177 168
178 168
232 168
233 168
234 168
235 168
236 168
324 168
325 168
326 168
327 168
328 168
115 169
116 169
117 169
118 169
119 169
160 169
161 169
162 169
163 169
164 169
165 169
166 169
167 169
168 169
169 169
170 169
171 169
172 169
173 169
174 169
175 169
176 169
232 169
233 169
234 169
235 169
236 169
324 169
325 169
326 169
327 169
328 169
115 170
116 170
117 170
118 170
119 170
163 170
164 170
165 170
166 170
167 170
168 170
169 170
170 170
171 170
172 170
173 170
174 170
175 170
232 170
233 170
234 170
235 170
236 170
324 170
325 170
326 170
327 170
328 170
115 171
116 171
117 171
118 171
119 171
166 171
167 171
168 171
169 171
170 171
171 171
172 171
173 171
232 171
233 171
234 171
235 171
236 171
324 171
325 171
326 171
327 171
328 171
116 172
117 172
118 172
119 172
120 172
231 172
232 172
233 172
234 172
235 172
236 172
324 172
325 172
326 172
327 172
328 172
116 173
117 173
118 173
119 173
120 173
231 173
232 173
233 173
234 173
235 173
324 173
325 173
326 173
327 173
328 173
116 174
117 174
118 174
119 174
120 174
231 174
232 174
233 174
234 174
235 174
324 174
325 174
326 174
327 174
328 174
116 175
117 175
118 175
119 175
120 175
121 175
230 175
231 175
232 175
233 175
234 175
324 175
325 175
326 175
327 175
328 175
329 175
117 176
118 176
119 176
120 176
121 176
122 176
230 176
231 176
232 176
233 176
234 176
325 176
326 176
327 176
328 176
329 176
118 177
119 177
120 177
121 177
122 177
123 177
230 177
231 177
232 177
233 177
234 177
325 177
326 177
327 177
328 177
329 177
330 177
119 178
120 178
121 178
122 178
123 178
124 178
229 178
230 178
231 178
232 178
233 178
234 178
326 178
327 178
328 178
329 178
330 178
120 179
121 179
122 179
123 179
124 179
125 179
126 179
229 179
230 179
231 179
232 179
233 179
327 179
328 179
329 179
330 179
331 179
332 179
121 180
122 180
123 180
124 180
125 180
126 180
127 180
229 180
230 180
231 180
232 180
233 180
328 180
329 180
330 180
331 180
332 180
122 181
123 181
124 181
125 181
126 181
127 181
128 181
229 181
230 181
231 181
232 181
233 181
328 181
329 181
330 181
331 181
332 181
333 181
123 182
124 182
125 182
126 182
127 182
128 182
129 182
229 182
230 182
231 182
232 182
233 182
328 182
329 182
330 182
331 182
332 182
333 182
124 183
125 183
126 183
127 183
128 183
129 183
228 183
229 183
230 183
231 183
232 183
329 183
330 183
331 183
332 183
333 183
125 184
126 184
127 184
128 184
129 184
130 184
228 184
229 184
230 184
231 184
232 184
329 184
330 184
331 184
332 184
333 184
334 184
126 185
127 185
128 185
129 185
130 185
228 185
229 185
230 185
231 185
232 185
331 185
332 185
333 185
334 185
335 185
127 186
128 186
129 186
130 186
131 186
228 186
229 186
230 186
231 186
232 186
332 186
333 186
334 186
335 186
336 186
127 187
128 187
129 187
130 187
131 187
227 187
228 187
229 187
230 187
231 187
333 187
334 187
335 187
336 187
337 187
338 187
127 188
128 188
129 188
130 188
131 188
227 188
228 188
229 188
230 188
231 188
334 188
335 188
336 188
337 188
338 188
339 188
340 188
128 189
129 189
130 189
131 189
132 189
227 189
228 189
229 189
230 189
231 189
335 189
336 189
337 189
338 189
339 189
340 189
128 190
129 190
130 190
131 190
132 190
227 190
228 190
229 190
230 190
231 190
336 190
337 190
338 190
339 190
340 190
341 190
128 191
129 191
130 191
131 191
132 191
226 191
227 191
228 191
229 191
230 191
336 191
337 191
338 191
339 191
340 191
341 191
342 191
129 192
130 192
131 192
132 192
133 192
226 192
227 192
228 192
229 192
230 192
338 192
339 192
340 192
341 192
342 192
343 192
344 192
129 193
130 193
131 193
132 193
133 193
226 193
227 193
228 193
229 193
230 193
340 193
341 193
342 193
343 193
344 193
345 193
346 193
130 194
131 194
132 194
133 194
134 194
226 194
227 194
228 194
229 194
230 194
341 194
342 194
343 194
344 194
345 194
346 194
347 194
130 195
131 195
132 195
133 195
134 195
226 195
227 195
228 195
229 195
230 195
342 195
343 195
344 195
345 195
346 195
347 195
348 195
349 195
350 195
130 196
131 196
132 196
133 196
134 196
226 196
227 196
228 196
229 196
230 196
342 196
343 196
344 196
345 196
346 196
347 196
348 196
349 196
350 196
351 196
352 196
131 197
132 197
133 197
134 197
135 197
226 197
227 197
228 197
229 197
230 197
344 197
345 197
346 197
347 197
348 197
349 197
350 197
351 197
352 197
353 197
354 197
131 198
132 198
133 198
134 198
135 198
226 198
227 198
228 198
229 198
230 198
345 198
346 198
347 198
348 198
349 198
350 198
351 198
352 198
353 198
354 198
131 199
132 199
133 199
134 199
135 199
226 199
227 199
228 199
229 199
230 199
347 199
348 199
349 199
350 199
351 199
352 199
353 199
354 199
355 199
356 199
131 200
132 200
133 200
134 200
135 200
226 200
227 200
228 200
229 200
230 200
350 200
351 200
352 200
353 200
354 200
355 200
356 200
357 200
358 200
131 201
132 201
133 201
134 201
135 201
225 201
226 201
227 201
228 201
229 201
230 201
352 201
353 201
354 201
355 201
356 201
357 201
358 201
359 201
360 201
131 202
132 202
133 202
134 202
135 202
225 202
226 202
227 202
228 202
229 202
354 202
355 202
356 202
357 202
358 202
359 202
360 202
131 203
132 203
133 203
134 203
135 203
225 203
226 203
227 203
228 203
229 203
354 203
355 203
356 203
357 203
358 203
359 203
360 203
361 203
131 204
132 204
133 204
134 204
135 204
225 204
226 204
227 204
228 204
229 204
356 204
357 204
358 204
359 204
360 204
361 204
362 204
363 204
131 205
132 205
133 205
134 205
135 205
225 205
226 205
227 205
228 205
229 205
358 205
359 205
360 205
361 205
362 205
363 205
364 205
365 205
131 206
132 206
133 206
134 206
135 206
224 206
225 206
226 206
227 206
228 206
360 206
361 206
362 206
363 206
364 206
365 206
131 207
132 207
133 207
134 207
135 207
136 207
224 207
225 207
226 207
227 207
228 207
361 207
362 207
363 207
364 207
365 207
366 207
132 208
133 208
134 208
135 208
136 208
224 208
225 208
226 208
227 208
228 208
362 208
363 208
364 208
365 208
366 208
132 209
133 209
134 209
135 209
136 209
224 209
225 209
226 209
227 209
228 209
362 209
363 209
364 209
365 209
366 209
367 209
133 210
134 210
135 210
136 210
137 210
224 210
225 210
226 210
227 210
228 210
364 210
365 210
366 210
367 210
368 210
133 211
134 211
135 211
136 211
137 211
224 211
225 211
226 211
227 211
228 211
365 211
366 211
367 211
368 211
369 211
134 212
135 212
136 212
137 212
138 212
223 212
224 212
225 212
226 212
227 212
365 212
366 212
367 212
368 212
369 212
135 213
136 213
137 213
138 213
139 213
223 213
224 213
225 213
226 213
227 213
365 213
366 213
367 213
368 213
369 213
135 214
136 214
137 214
138 214
139 214
140 214
141 214
223 214
224 214
225 214
226 214
227 214
365 214
366 214
367 214
368 214
369 214
135 215
136 215
137 215
138 215
139 215
140 215
141 215
142 215
223 215
224 215
225 215
226 215
227 215
365 215
366 215
367 215
368 215
369 215
136 216
137 216
138 216
139 216
140 216
141 216
142 216
143 216
223 216
224 216
225 216
226 216
227 216
365 216
366 216
367 216
368 216
369 216
137 217
138 217
139 217
140 217
141 217
142 217
143 217
144 217
223 217
224 217
225 217
226 217
227 217
365 217
366 217
367 217
368 217
369 217
140 218
141 218
142 218
143 218
144 218
145 218
223 218
224 218
225 218
226 218
227 218
274 218
275 218
276 218
277 218
278 218
365 218
366 218
367 218
368 218
369 218
141 219
142 219
143 219
144 219
145 219
146 219
147 219
223 219
224 219
225 219
226 219
227 219
272 219
273 219
274 219
275 219
276 219
277 219
278 219
279 219
365 219
366 219
367 219
368 219
369 219
142 220
143 220
144 220
145 220
146 220
147 220
148 220
149 220
150 220
223 220
224 220
225 220
226 220
227 220
270 220
271 220
272 220
273 220
274 220
275 220
276 220
277 220
278 220
279 220
280 220
365 220
366 220
367 220
368 220
369 220
143 221
144 221
145 221
146 221
147 221
148 221
149 221
150 221
151 221
152 221
153 221
223 221
224 221
225 221
226 221
227 221
268 221
269 221
270 221
271 221
272 221
273 221
274 221
275 221
276 221
277 221
278 221
279 221
280 221
281 221
365 221
366 221
367 221
368 221
369 221
144 222
145 222
146 222
147 222
148 222
149 222
150 222
151 222
152 222
153 222
154 222
155 222
156 222
157 222
158 222
159 222
160 222
161 222
162 222
163 222
223 222
224 222
225 222
226 222
227 222
266 222
267 222
268 222
269 222
270 222
271 222
272 222
273 222
274 222
275 222
276 222
277 222
278 222
279 222
280 222
281 222
282 222
365 222
366 222
367 222
368 222
369 222
146 223
147 223
148 223
149 223
150 223
151 223
152 223
153 223
154 223
155 223
156 223
157 223
158 223
159 223
160 223
161 223
162 223
163 223
164 223
165 223
166 223
223 223
224 223
225 223
226 223
227 223
265 223
266 223
267 223
268 223
269 223
270 223
271 223
272 223
273 223
278 223
279 223
280 223
281 223
282 223
283 223
365 223
366 223
367 223
368 223
369 223
147 224
148 224
149 224
150 224
151 224
152 224
153 224
154 224
155 224
156 224
157 224
158 224
159 224
160 224
161 224
162 224
163 224
164 224
165 224
166 224
167 224
168 224
223 224
224 224
225 224
226 224
227 224
264 224
265 224
266 224
267 224
268 224
269 224
270 224
271 224
272 224
279 224
280 224
281 224
282 224
283 224
284 224
365 224
366 224
367 224
368 224
369 224
150 225
151 225
152 225
153 225
154 225
155 225
156 225
157 225
158 225
159 225
160 225
161 225
162 225
163 225
164 225
165 225
166 225
167 225
168 225
169 225
170 225
223 225
224 225
225 225
226 225
227 225
263 225
264 225
265 225
266 225
267 225
268 225
269 225
270 225
280 225
281 225
282 225
283 225
284 225
285 225
365 225
366 225
367 225
368 225
369 225
154 226
155 226
156 226
157 226
158 226
159 226
160 226
161 226
162 226
163 226
164 226
165 226
166 226
167 226
168 226
169 226
170 226
171 226
172 226
223 226
224 226
225 226
226 226
227 226
261 226
262 226
263 226
264 226
265 226
266 226
267 226
268 226
281 226
282 226
283 226
284 226
285 226
286 226
365 226
366 226
367 226
368 226
369 226
164 227
165 227
166 227
167 227
168 227
169 227
170 227
171 227
172 227
173 227
223 227
224 227
225 227
226 227
227 227
260 227
261 227
262 227
263 227
264 227
265 227
266 227
282 227
283 227
284 227
285 227
286 227
365 227
366 227
367 227
368 227
369 227
167 228
168 228
169 228
170 228
171 228
172 228
173 228
174 228
223 228
224 228
225 228
226 228
227 228
258 228
259 228
260 228
261 228
262 228
263 228
264 228
265 228
282 228
283 228
284 228
285 228
286 228
287 228
365 228
366 228
367 228
368 228
369 228
169 229
170 229
171 229
172 229
173 229
174 229
175 229
223 229
224 229
225 229
226 229
227 229
258 229
259 229
260 229
261 229
262 229
263 229
264 229
265 229
283 229
284 229
285 229
286 229
287 229
365 229
366 229
367 229
368 229
369 229
171 230
172 230
173 230
174 230
175 230
176 230
223 230
224 230
225 230
226 230
227 230
256 230
257 230
258 230
259 230
260 230
261 230
262 230
263 230
283 230
284 230
285 230
286 230
287 230
365 230
366 230
367 230
368 230
369 230
172 231
173 231
174 231
175 231
176 231
223 231
224 231
225 231
226 231
227 231
228 231
256 231
257 231
258 231
259 231
260 231
261 231
262 231
283 231
284 231
285 231
286 231
287 231
365 231
366 231
367 231
368 231
369 231
173 232
174 232
175 232
176 232
177 232
224 232
225 232
226 232
227 232
228 232
254 232
255 232
256 232
257 232
258 232
259 232
260 232
283 232
284 232
285 232
286 232
287 232
364 232
365 232
366 232
367 232
368 232
369 232
173 233
174 233
175 233
176 233
177 233
224 233
225 233
226 233
227 233
228 233
253 233
254 233
255 233
256 233
257 233
258 233
259 233
283 233
284 233
285 233
286 233
287 233
288 233
312 233
313 233
314 233
315 233
316 233
317 233
318 233
319 233
320 233
321 233
322 233
364 233
365 233
366 233
367 233
368 233
173 234
174 234
175 234
176 234
177 234
224 234
225 234
226 234
227 234
228 234
251 234
252 234
253 234
254 234
255 234
256 234
257 234
258 234
259 234
284 234
285 234
286 234
287 234
288 234
311 234
312 234
313 234
314 234
315 234
316 234
317 234
318 234
319 234
320 234
321 234
322 234
323 234
324 234
364 234
365 234
366 234
367 234
368 234
173 235
174 235
175 235
176 235
177 235
224 235
225 235
226 235
227 235
228 235
229 235
251 235
252 235
253 235
254 235
255 235
256 235
257 235
258 235
284 235
285 235
286 235
287 235
288 235
309 235
310 235
311 235
312 235
313 235
314 235
315 235
316 235
317 235
318 235
319 235
320 235
321 235
322 235
323 235
324 235
325 235
363 235
364 235
365 235
366 235
367 235
368 235
173 236
174 236
175 236
176 236
177 236
225 236
226 236
227 236
228 236
229 236
230 236
250 236
251 236
252 236
253 236
254 236
255 236
256 236
284 236
285 236
286 236
287 236
288 236
308 236
309 236
310 236
311 236
312 236
313 236
314 236
315 236
316 236
317 236
318 236
319 236
320 236
321 236
322 236
323 236
324 236
325 236
326 236
363 236
364 236
365 236
366 236
367 236
172 237
173 237
174 237
175 237
176 237
177 237
225 237
226 237
227 237
228 237
229 237
230 237
231 237
248 237
249 237
250 237
251 237
252 237
253 237
254 237
255 237
285 237
286 237
287 237
288 237
289 237
307 237
308 237
309 237
310 237
311 237
312 237
313 237
314 237
315 237
316 237
317 237
318 237
319 237
320 237
321 237
322 237
323 237
324 237
325 237
326 237
327 237
363 237
364 237
365 237
366 237
367 237
172 238
173 238
174 238
175 238
176 238
226 238
227 238
228 238
229 238
230 238
231 238
232 238
246 238
247 238
248 238
249 238
250 238
251 238
252 238
253 238
285 238
286 238
287 238
288 238
289 238
305 238
306 238
307 238
308 238
309 238
310 238
311 238
323 238
324 238
325 238
326 238
327 238
328 238
362 238
363 238
364 238
365 238
366 238
171 239
172 239
173 239
174 239
175 239
176 239
227 239
228 239
229 239
230 239
231 239
232 239
233 239
234 239
244 239
245 239
246 239
247 239
248 239
249 239
250 239
251 239
285 239
286 239
287 239
288 239
289 239
304 239
305 239
306 239
307 239
308 239
309 239
310 239
324 239
325 239
326 239
327 239
328 239
329 239
361 239
362 239
363 239
364 239
365 239
366 239
171 240
172 240
173 240
174 240
175 240
228 240
229 240
230 240
231 240
232 240
233 240
234 240
235 240
236 240
237 240
243 240
244 240
245 240
246 240
247 240
248 240
249 240
250 240
285 240
286 240
287 240
288 240
289 240
303 240
304 240
305 240
306 240
307 240
308 240
309 240
326 240
327 240
328 240
329 240
330 240
360 240
361 240
362 240
363 240
364 240
365 240
170 241
171 241
172 241
173 241
174 241
230 241
231 241
232 241
233 241
234 241
235 241
236 241
237 241
238 241
239 241
240 241
241 241
242 241
243 241
244 241
245 241
246 241
247 241
248 241
249 241
285 241
286 241
287 241
288 241
289 241
303 241
304 241
305 241
306 241
307 241
327 241
328 241
329 241
330 241
331 241
360 241
361 241
362 241
363 241
364 241
170 242
171 242
172 242
173 242
174 242
231 242
232 242
233 242
234 242
235 242
236 242
237 242
238 242
239 242
240 242
241 242
242 242
243 242
244 242
245 242
246 242
247 242
285 242
286 242
287 242
288 242
289 242
302 242
303 242
304 242
305 242
306 242
327 242
328 242
329 242
330 242
331 242
332 242
359 242
360 242
361 242
362 242
363 242
364 242
169 243
170 243
171 243
172 243
173 243
233 243
234 243
235 243
236 243
237 243
238 243
239 243
240 243
241 243
242 243
243 243
244 243
245 243
246 243
285 243
286 243
287 243
288 243
289 243
301 243
302 243
303 243
304 243
305 243
306 243
328 243
329 243
330 243
331 243
332 243
358 243
359 243
360 243
361 243
362 243
363 243
168 244
169 244
170 244
171 244
172 244
173 244
235 244
236 244
237 244
238 244
239 244
240 244
241 244
242 244
243 244
244 244
285 244
286 244
287 244
288 244
289 244
300 244
301 244
302 244
303 244
304 244
305 244
329 244
330 244
331 244
332 244
333 244
358 244
359 244
360 244
361 244
362 244
168 245
169 245
170 245
171 245
172 245
237 245
238 245
239 245
240 245
241 245
242 245
243 245
285 245
286 245
287 245
288 245
289 245
300 245
301 245
302 245
303 245
304 245
329 245
330 245
331 245
332 245
333 245
334 245
357 245
358 245
359 245
360 245
361 245
167 246
168 246
169 246
170 246
171 246
285 246
286 246
287 246
288 246
289 246
299 246
300 246
301 246
302 246
303 246
304 246
330 246
331 246
332 246
333 246
334 246
335 246
356 246
357 246
358 246
359 246
360 246
361 246
167 247
168 247
169 247
170 247
171 247
285 247
286 247
287 247
288 247
289 247
299 247
300 247
301 247
302 247
303 247
331 247
332 247
333 247
334 247
335 247
336 247
356 247
357 247
358 247
359 247
360 247
166 248
167 248
168 248
169 248
170 248
171 248
285 248
286 248
287 248
288 248
289 248
298 248
299 248
300 248
301 248
302 248
303 248
332 248
333 248
334 248
335 248
336 248
356 248
357 248
358 248
359 248
360 248
165 249
166 249
167 249
168 249
169 249
170 249
285 249
286 249
287 249
288 249
289 249
297 249
298 249
299 249
300 249
301 249
302 249
333 249
334 249
335 249
336 249
337 249
355 249
356 249
357 249
358 249
359 249
165 250
166 250
167 250
168 250
169 250
284 250
285 250
286 250
287 250
288 250
289 250
297 250
298 250
299 250
300 250
301 250
333 250
334 250
335 250
336 250
337 250
338 250
355 250
356 250
357 250
358 250
359 250
164 251
165 251
166 251
167 251
168 251
169 251
284 251
285 251
286 251
287 251
288 251
296 251
297 251
298 251
299 251
300 251
334 251
335 251
336 251
337 251
338 251
355 251
356 251
357 251
358 251
359 251
163 252
164 252
165 252
166 252
167 252
168 252
284 252
285 252
286 252
287 252
288 252
295 252
296 252
297 252
298 252
299 252
335 252
336 252
337 252
338 252
339 252
354 252
355 252
356 252
357 252
358 252
162 253
163 253
164 253
165 253
166 253
167 253
283 253
284 253
285 253
286 253
287 253
288 253
294 253
295 253
296 253
297 253
298 253
336 253
337 253
338 253
339 253
340 253
354 253
355 253
356 253
357 253
358 253
160 254
161 254
162 254
163 254
164 254
165 254
166 254
283 254
284 254
285 254
286 254
287 254
293 254
294 254
295 254
296 254
297 254
298 254
336 254
337 254
338 254
339 254
340 254
341 254
354 254
355 254
356 254
357 254
358 254
159 255
160 255
161 255
162 255
163 255
164 255
165 255
283 255
284 255
285 255
286 255
287 255
293 255
294 255
295 255
296 255
297 255
337 255
338 255
339 255
340 255
341 255
342 255
354 255
355 255
356 255
357 255
358 255
134 256
135 256
136 256
137 256
138 256
139 256
140 256
158 256
159 256
160 256
161 256
162 256
163 256
164 256
282 256
283 256
284 256
285 256
286 256
287 256
291 256
292 256
293 256
294 256
295 256
296 256
297 256
338 256
339 256
340 256
341 256
342 256
343 256
354 256
355 256
356 256
357 256
358 256
133 257
134 257
135 257
136 257
137 257
138 257
139 257
140 257
141 257
142 257
156 257
157 257
158 257
159 257
160 257
161 257
162 257
163 257
282 257
283 257
284 257
285 257
286 257
291 257
292 257
293 257
294 257
295 257
296 257
339 257
340 257
341 257
342 257
343 257
344 257
354 257
355 257
356 257
357 257
358 257
132 258
133 258
134 258
135 258
136 258
137 258
138 258
139 258
140 258
141 258
142 258
143 258
144 258
153 258
154 258
155 258
156 258
157 258
158 258
159 258
160 258
161 258
162 258
281 258
282 258
283 258
284 258
285 258
290 258
291 258
292 258
293 258
294 258
295 258
296 258
340 258
341 258
342 258
343 258
344 258
354 258
355 258
356 258
357 258
358 258
131 259
132 259
133 259
134 259
135 259
136 259
137 259
138 259
139 259
140 259
141 259
142 259
143 259
144 259
145 259
146 259
147 259
148 259
149 259
150 259
151 259
152 259
153 259
154 259
155 259
156 259
157 259
158 259
159 259
160 259
281 259
282 259
283 259
284 259
285 259
289 259
290 259
291 259
292 259
293 259
294 259
340 259
341 259
342 259
343 259
344 259
345 259
354 259
355 259
356 259
357 259
358 259
131 260
132 260
133 260
134 260
135 260
136 260
137 260
138 260
139 260
140 260
141 260
142 260
143 260
144 260
145 260
146 260
147 260
148 260
149 260
150 260
151 260
152 260
153 260
154 260
155 260
156 260
157 260
158 260
159 260
280 260
281 260
282 260
283 260
284 260
288 260
289 260
290 260
291 260
292 260
293 260
294 260
341 260
342 260
343 260
344 260
345 260
354 260
355 260
356 260
357 260
358 260
131 261
132 261
133 261
134 261
135 261
141 261
142 261
143 261
144 261
145 261
146 261
147 261
148 261
149 261
150 261
151 261
152 261
153 261
154 261
155 261
156 261
157 261
280 261
281 261
282 261
283 261
284 261
287 261
288 261
289 261
290 261
291 261
292 261
341 261
342 261
343 261
344 261
345 261
354 261
355 261
356 261
357 261
358 261
131 262
132 262
133 262
134 262
135 262
142 262
143 262
144 262
145 262
146 262
147 262
148 262
149 262
150 262
151 262
152 262
153 262
154 262
155 262
156 262
279 262
280 262
281 262
282 262
283 262
284 262
286 262
287 262
288 262
289 262
290 262
291 262
341 262
342 262
343 262
344 262
345 262
354 262
355 262
356 262
357 262
358 262
131 263
132 263
133 263
134 263
135 263
144 263
145 263
146 263
147 263
148 263
149 263
150 263
151 263
152 263
153 263
279 263
280 263
281 263
282 263
283 263
286 263
287 263
288 263
289 263
290 263
342 263
343 263
344 263
345 263
346 263
354 263
355 263
356 263
357 263
358 263
131 264
132 264
133 264
134 264
135 264
279 264
280 264
281 264
282 264
283 264
285 264
286 264
287 264
288 264
289 264
342 264
343 264
344 264
345 264
346 264
354 264
355 264
356 264
357 264
358 264
131 265
132 265
133 265
134 265
135 265
279 265
280 265
281 265
282 265
283 265
284 265
285 265
286 265
287 265
288 265
342 265
343 265
344 265
345 265
346 265
354 265
355 265
356 265
357 265
358 265
131 266
132 266
133 266
134 266
135 266
279 266
280 266
281 266
282 266
283 266
284 266
285 266
286 266
287 266
342 266
343 266
344 266
345 266
346 266
354 266
355 266
356 266
357 266
358 266
131 267
132 267
133 267
134 267
135 267
278 267
279 267
280 267
281 267
282 267
283 267
284 267
285 267
286 267
287 267
342 267
343 267
344 267
345 267
346 267
354 267
355 267
356 267
357 267
358 267
131 268
132 268
133 268
134 268
135 268
278 268
279 268
280 268
281 268
282 268
283 268
284 268
285 268
286 268
342 268
343 268
344 268
345 268
346 268
354 268
355 268
356 268
357 268
358 268
131 269
132 269
133 269
134 269
135 269
277 269
278 269
279 269
280 269
281 269
282 269
283 269
284 269
285 269
342 269
343 269
344 269
345 269
346 269
354 269
355 269
356 269
357 269
358 269
131 270
132 270
133 270
134 270
135 270
278 270
279 270
280 270
281 270
282 270
283 270
284 270
342 270
343 270
344 270
345 270
346 270
354 270
355 270
356 270
357 270
358 270
131 271
132 271
133 271
134 271
135 271
279 271
280 271
281 271
282 271
283 271
342 271
343 271
344 271
345 271
346 271
354 271
355 271
356 271
357 271
358 271
131 272
132 272
133 272
134 272
135 272
342 272
343 272
344 272
345 272
346 272
354 272
355 272
356 272
357 272
358 272
131 273
132 273
133 273
134 273
135 273
136 273
342 273
343 273
344 273
345 273
346 273
353 273
354 273
355 273
356 273
357 273
358 273
132 274
133 274
134 274
135 274
136 274
342 274
343 274
344 274
345 274
346 274
353 274
354 274
355 274
356 274
357 274
132 275
133 275
134 275
135 275
136 275
342 275
343 275
344 275
345 275
346 275
353 275
354 275
355 275
356 275
357 275
132 276
133 276
134 276
135 276
136 276
342 276
343 276
344 276
345 276
346 276
353 276
354 276
355 276
356 276
357 276
132 277
133 277
134 277
135 277
136 277
342 277
343 277
344 277
345 277
346 277
352 277
353 277
354 277
355 277
356 277
132 278
133 278
134 278
135 278
136 278
342 278
343 278
344 278
345 278
346 278
352 278
353 278
354 278
355 278
356 278
132 279
133 279
134 279
135 279
136 279
137 279
342 279
343 279
344 279
345 279
346 279
351 279
352 279
353 279
354 279
355 279
133 280
134 280
135 280
136 280
137 280
341 280
342 280
343 280
344 280
345 280
351 280
352 280
353 280
354 280
355 280
133 281
134 281
135 281
136 281
137 281
341 281
342 281
343 281
344 281
345 281
350 281
351 281
352 281
353 281
354 281
133 282
134 282
135 282
136 282
137 282
341 282
342 282
343 282
344 282
345 282
350 282
351 282
352 282
353 282
354 282
133 283
134 283
135 283
136 283
137 283
341 283
342 283
343 283
344 283
345 283
346 283
349 283
350 283
351 283
352 283
353 283
133 284
134 284
135 284
136 284
137 284
342 284
343 284
344 284
345 284
346 284
349 284
350 284
351 284
352 284
353 284
133 285
134 285
135 285
136 285
137 285
138 285
342 285
343 285
344 285
345 285
346 285
349 285
350 285
351 285
352 285
353 285
134 286
135 286
136 286
137 286
138 286
342 286
343 286
344 286
345 286
346 286
348 286
349 286
350 286
351 286
352 286
134 287
135 287
136 287
137 287
138 287
342 287
343 287
344 287
345 287
346 287
348 287
349 287
350 287
351 287
352 287
134 288
135 288
136 288
137 288
138 288
342 288
343 288
344 288
345 288
346 288
347 288
348 288
349 288
350 288
351 288
134 289
135 289
136 289
137 289
138 289
342 289
343 289
344 289
345 289
346 289
347 289
348 289
349 289
350 289
351 289
135 290
136 290
137 290
138 290
139 290
343 290
344 290
345 290
346 290
347 290
348 290
349 290
350 290
351 290
135 291
136 291
137 291
138 291
139 291
344 291
345 291
346 291
347 291
348 291
349 291
350 291
136 292
137 292
138 292
139 292
140 292
345 292
346 292
347 292
348 292
349 292
136 293
137 293
138 293
139 293
140 293
141 293
137 294
138 294
139 294
140 294
141 294
142 294
138 295
139 295
140 295
141 295
140 296
