/home/daniel/Projects/GIT/PhD/binocs-experiment/images/ds1/cow2.jpg
450 257
1
37 11 214 187 
1
2869
154 35
153 36
154 36
155 36
108 37
109 37
110 37
111 37
112 37
113 37
114 37
115 37
116 37
117 37
118 37
152 37
153 37
154 37
155 37
156 37
106 38
107 38
108 38
109 38
110 38
111 38
112 38
113 38
114 38
115 38
116 38
117 38
118 38
119 38
120 38
121 38
122 38
152 38
153 38
154 38
155 38
156 38
157 38
105 39
106 39
107 39
108 39
109 39
110 39
111 39
112 39
113 39
114 39
115 39
116 39
117 39
118 39
119 39
120 39
121 39
122 39
123 39
124 39
125 39
126 39
127 39
153 39
154 39
155 39
156 39
157 39
158 39
104 40
105 40
106 40
107 40
108 40
109 40
110 40
111 40
112 40
113 40
114 40
115 40
116 40
117 40
118 40
119 40
120 40
121 40
122 40
123 40
124 40
125 40
126 40
127 40
128 40
129 40
154 40
155 40
156 40
157 40
158 40
159 40
103 41
104 41
105 41
106 41
107 41
108 41
109 41
110 41
111 41
112 41
113 41
114 41
115 41
116 41
117 41
118 41
119 41
120 41
121 41
122 41
123 41
124 41
125 41
126 41
127 41
128 41
129 41
130 41
131 41
155 41
156 41
157 41
158 41
159 41
160 41
103 42
104 42
105 42
106 42
107 42
108 42
118 42
119 42
120 42
121 42
122 42
123 42
124 42
125 42
126 42
127 42
128 42
129 42
130 42
131 42
132 42
156 42
157 42
158 42
159 42
160 42
103 43
104 43
105 43
106 43
107 43
123 43
124 43
125 43
126 43
127 43
128 43
129 43
130 43
131 43
132 43
133 43
156 43
157 43
158 43
159 43
160 43
103 44
104 44
105 44
106 44
107 44
128 44
129 44
130 44
131 44
132 44
133 44
134 44
156 44
157 44
158 44
159 44
160 44
161 44
103 45
104 45
105 45
106 45
107 45
130 45
131 45
132 45
133 45
134 45
135 45
157 45
158 45
159 45
160 45
161 45
103 46
104 46
105 46
106 46
107 46
131 46
132 46
133 46
134 46
135 46
136 46
157 46
158 46
159 46
160 46
161 46
103 47
104 47
105 47
106 47
107 47
132 47
133 47
134 47
135 47
136 47
137 47
157 47
158 47
159 47
160 47
161 47
162 47
103 48
104 48
105 48
106 48
107 48
133 48
134 48
135 48
136 48
137 48
138 48
158 48
159 48
160 48
161 48
162 48
103 49
104 49
105 49
106 49
107 49
134 49
135 49
136 49
137 49
138 49
159 49
160 49
161 49
162 49
163 49
58 50
59 50
60 50
61 50
62 50
103 50
104 50
105 50
106 50
107 50
108 50
135 50
136 50
137 50
138 50
139 50
159 50
160 50
161 50
162 50
163 50
57 51
58 51
59 51
60 51
61 51
62 51
63 51
64 51
104 51
105 51
106 51
107 51
108 51
136 51
137 51
138 51
139 51
140 51
159 51
160 51
161 51
162 51
163 51
56 52
57 52
58 52
59 52
60 52
61 52
62 52
63 52
64 52
65 52
104 52
105 52
106 52
107 52
108 52
136 52
137 52
138 52
139 52
140 52
160 52
161 52
162 52
163 52
164 52
55 53
56 53
57 53
58 53
59 53
60 53
61 53
62 53
63 53
64 53
65 53
66 53
104 53
105 53
106 53
107 53
108 53
109 53
136 53
137 53
138 53
139 53
140 53
161 53
162 53
163 53
164 53
165 53
55 54
56 54
57 54
58 54
59 54
60 54
61 54
62 54
63 54
64 54
65 54
66 54
67 54
105 54
106 54
107 54
108 54
109 54
110 54
137 54
138 54
139 54
140 54
141 54
161 54
162 54
163 54
164 54
165 54
54 55
55 55
56 55
57 55
58 55
59 55
63 55
64 55
65 55
66 55
67 55
68 55
106 55
107 55
108 55
109 55
110 55
137 55
138 55
139 55
140 55
141 55
161 55
162 55
163 55
164 55
165 55
166 55
54 56
55 56
56 56
57 56
58 56
64 56
65 56
66 56
67 56
68 56
69 56
106 56
107 56
108 56
109 56
110 56
137 56
138 56
139 56
140 56
141 56
162 56
163 56
164 56
165 56
166 56
54 57
55 57
56 57
57 57
58 57
65 57
66 57
67 57
68 57
69 57
70 57
107 57
108 57
109 57
110 57
111 57
137 57
138 57
139 57
140 57
141 57
162 57
163 57
164 57
165 57
166 57
167 57
54 58
55 58
56 58
57 58
58 58
66 58
67 58
68 58
69 58
70 58
71 58
107 58
108 58
109 58
110 58
111 58
137 58
138 58
139 58
140 58
141 58
163 58
164 58
165 58
166 58
167 58
53 59
54 59
55 59
56 59
57 59
67 59
68 59
69 59
70 59
71 59
72 59
108 59
109 59
110 59
111 59
112 59
137 59
138 59
139 59
140 59
141 59
163 59
164 59
165 59
166 59
167 59
53 60
54 60
55 60
56 60
57 60
68 60
69 60
70 60
71 60
72 60
109 60
110 60
111 60
112 60
113 60
137 60
138 60
139 60
140 60
141 60
163 60
164 60
165 60
166 60
167 60
53 61
54 61
55 61
56 61
57 61
69 61
70 61
71 61
72 61
73 61
109 61
110 61
111 61
112 61
113 61
114 61
137 61
138 61
139 61
140 61
141 61
163 61
164 61
165 61
166 61
167 61
53 62
54 62
55 62
56 62
57 62
70 62
71 62
72 62
73 62
74 62
110 62
111 62
112 62
113 62
114 62
115 62
138 62
139 62
140 62
141 62
142 62
164 62
165 62
166 62
167 62
168 62
53 63
54 63
55 63
56 63
57 63
71 63
72 63
73 63
74 63
75 63
111 63
112 63
113 63
114 63
115 63
116 63
138 63
139 63
140 63
141 63
142 63
164 63
165 63
166 63
167 63
168 63
53 64
54 64
55 64
56 64
57 64
71 64
72 64
73 64
74 64
75 64
112 64
113 64
114 64
115 64
116 64
138 64
139 64
140 64
141 64
142 64
165 64
166 64
167 64
168 64
169 64
53 65
54 65
55 65
56 65
57 65
72 65
73 65
74 65
75 65
76 65
113 65
114 65
115 65
116 65
117 65
118 65
138 65
139 65
140 65
141 65
142 65
165 65
166 65
167 65
168 65
169 65
170 65
53 66
54 66
55 66
56 66
57 66
72 66
73 66
74 66
75 66
76 66
114 66
115 66
116 66
117 66
118 66
138 66
139 66
140 66
141 66
142 66
166 66
167 66
168 66
169 66
170 66
53 67
54 67
55 67
56 67
57 67
72 67
73 67
74 67
75 67
76 67
77 67
114 67
115 67
116 67
117 67
118 67
119 67
138 67
139 67
140 67
141 67
142 67
166 67
167 67
168 67
169 67
170 67
171 67
53 68
54 68
55 68
56 68
57 68
73 68
74 68
75 68
76 68
77 68
115 68
116 68
117 68
118 68
119 68
138 68
139 68
140 68
141 68
142 68
167 68
168 68
169 68
170 68
171 68
53 69
54 69
55 69
56 69
57 69
73 69
74 69
75 69
76 69
77 69
115 69
116 69
117 69
118 69
119 69
138 69
139 69
140 69
141 69
142 69
167 69
168 69
169 69
170 69
171 69
172 69
53 70
54 70
55 70
56 70
57 70
73 70
74 70
75 70
76 70
77 70
116 70
117 70
118 70
119 70
120 70
139 70
140 70
141 70
142 70
143 70
168 70
169 70
170 70
171 70
172 70
53 71
54 71
55 71
56 71
57 71
74 71
75 71
76 71
77 71
78 71
116 71
117 71
118 71
119 71
120 71
139 71
140 71
141 71
142 71
143 71
168 71
169 71
170 71
171 71
172 71
173 71
53 72
54 72
55 72
56 72
57 72
74 72
75 72
76 72
77 72
78 72
116 72
117 72
118 72
119 72
120 72
139 72
140 72
141 72
142 72
143 72
169 72
170 72
171 72
172 72
173 72
174 72
53 73
54 73
55 73
56 73
57 73
74 73
75 73
76 73
77 73
78 73
116 73
117 73
118 73
119 73
120 73
139 73
140 73
141 73
142 73
143 73
170 73
171 73
172 73
173 73
174 73
175 73
53 74
54 74
55 74
56 74
57 74
74 74
75 74
76 74
77 74
78 74
116 74
117 74
118 74
119 74
120 74
139 74
140 74
141 74
142 74
143 74
171 74
172 74
173 74
174 74
175 74
53 75
54 75
55 75
56 75
57 75
75 75
76 75
77 75
78 75
79 75
116 75
117 75
118 75
119 75
120 75
139 75
140 75
141 75
142 75
143 75
172 75
173 75
174 75
175 75
176 75
53 76
54 76
55 76
56 76
57 76
75 76
76 76
77 76
78 76
79 76
116 76
117 76
118 76
119 76
120 76
139 76
140 76
141 76
142 76
143 76
173 76
174 76
175 76
176 76
177 76
178 76
53 77
54 77
55 77
56 77
57 77
75 77
76 77
77 77
78 77
79 77
116 77
117 77
118 77
119 77
120 77
139 77
140 77
141 77
142 77
143 77
174 77
175 77
176 77
177 77
178 77
179 77
53 78
54 78
55 78
56 78
57 78
76 78
77 78
78 78
79 78
80 78
116 78
117 78
118 78
119 78
120 78
139 78
140 78
141 78
142 78
143 78
144 78
175 78
176 78
177 78
178 78
179 78
180 78
53 79
54 79
55 79
56 79
57 79
76 79
77 79
78 79
79 79
80 79
116 79
117 79
118 79
119 79
120 79
140 79
141 79
142 79
143 79
144 79
176 79
177 79
178 79
179 79
180 79
53 80
54 80
55 80
56 80
57 80
76 80
77 80
78 80
79 80
80 80
116 80
117 80
118 80
119 80
120 80
141 80
142 80
143 80
144 80
145 80
177 80
178 80
179 80
180 80
181 80
53 81
54 81
55 81
56 81
57 81
76 81
77 81
78 81
79 81
80 81
115 81
116 81
117 81
118 81
119 81
141 81
142 81
143 81
144 81
145 81
177 81
178 81
179 81
180 81
181 81
182 81
53 82
54 82
55 82
56 82
57 82
76 82
77 82
78 82
79 82
80 82
115 82
116 82
117 82
118 82
119 82
141 82
142 82
143 82
144 82
145 82
178 82
179 82
180 82
181 82
182 82
183 82
53 83
54 83
55 83
56 83
57 83
76 83
77 83
78 83
79 83
80 83
115 83
116 83
117 83
118 83
119 83
141 83
142 83
143 83
144 83
145 83
179 83
180 83
181 83
182 83
183 83
184 83
53 84
54 84
55 84
56 84
57 84
76 84
77 84
78 84
79 84
80 84
115 84
116 84
117 84
118 84
119 84
141 84
142 84
143 84
144 84
145 84
180 84
181 84
182 84
183 84
184 84
185 84
53 85
54 85
55 85
56 85
57 85
76 85
77 85
78 85
79 85
80 85
115 85
116 85
117 85
118 85
119 85
141 85
142 85
143 85
144 85
145 85
181 85
182 85
183 85
184 85
185 85
186 85
53 86
54 86
55 86
56 86
57 86
76 86
77 86
78 86
79 86
80 86
115 86
116 86
117 86
118 86
119 86
141 86
142 86
143 86
144 86
145 86
182 86
183 86
184 86
185 86
186 86
187 86
53 87
54 87
55 87
56 87
57 87
76 87
77 87
78 87
79 87
80 87
115 87
116 87
117 87
118 87
119 87
142 87
143 87
144 87
145 87
146 87
183 87
184 87
185 87
186 87
187 87
188 87
53 88
54 88
55 88
56 88
57 88
76 88
77 88
78 88
79 88
80 88
115 88
116 88
117 88
118 88
119 88
142 88
143 88
144 88
145 88
146 88
147 88
184 88
185 88
186 88
187 88
188 88
189 88
53 89
54 89
55 89
56 89
57 89
76 89
77 89
78 89
79 89
80 89
115 89
116 89
117 89
118 89
119 89
143 89
144 89
145 89
146 89
147 89
148 89
185 89
186 89
187 89
188 89
189 89
190 89
53 90
54 90
55 90
56 90
57 90
76 90
77 90
78 90
79 90
80 90
115 90
116 90
117 90
118 90
119 90
144 90
145 90
146 90
147 90
148 90
149 90
150 90
186 90
187 90
188 90
189 90
190 90
191 90
53 91
54 91
55 91
56 91
57 91
76 91
77 91
78 91
79 91
80 91
115 91
116 91
117 91
118 91
119 91
145 91
146 91
147 91
148 91
149 91
150 91
151 91
187 91
188 91
189 91
190 91
191 91
192 91
53 92
54 92
55 92
56 92
57 92
76 92
77 92
78 92
79 92
80 92
115 92
116 92
117 92
118 92
119 92
146 92
147 92
148 92
149 92
150 92
151 92
152 92
188 92
189 92
190 92
191 92
192 92
193 92
53 93
54 93
55 93
56 93
57 93
76 93
77 93
78 93
79 93
80 93
115 93
116 93
117 93
118 93
119 93
147 93
148 93
149 93
150 93
151 93
152 93
153 93
189 93
190 93
191 93
192 93
193 93
194 93
53 94
54 94
55 94
56 94
57 94
75 94
76 94
77 94
78 94
79 94
80 94
115 94
116 94
117 94
118 94
119 94
148 94
149 94
150 94
151 94
152 94
153 94
154 94
190 94
191 94
192 94
193 94
194 94
195 94
53 95
54 95
55 95
56 95
57 95
75 95
76 95
77 95
78 95
79 95
115 95
116 95
117 95
118 95
119 95
150 95
151 95
152 95
153 95
154 95
191 95
192 95
193 95
194 95
195 95
196 95
53 96
54 96
55 96
56 96
57 96
75 96
76 96
77 96
78 96
79 96
114 96
115 96
116 96
117 96
118 96
119 96
150 96
151 96
152 96
153 96
154 96
192 96
193 96
194 96
195 96
196 96
197 96
53 97
54 97
55 97
56 97
57 97
75 97
76 97
77 97
78 97
79 97
114 97
115 97
116 97
117 97
118 97
150 97
151 97
152 97
153 97
154 97
193 97
194 97
195 97
196 97
197 97
198 97
53 98
54 98
55 98
56 98
57 98
75 98
76 98
77 98
78 98
79 98
114 98
115 98
116 98
117 98
118 98
149 98
150 98
151 98
152 98
153 98
194 98
195 98
196 98
197 98
198 98
199 98
53 99
54 99
55 99
56 99
57 99
75 99
76 99
77 99
78 99
79 99
114 99
115 99
116 99
117 99
118 99
149 99
150 99
151 99
152 99
153 99
195 99
196 99
197 99
198 99
199 99
200 99
53 100
54 100
55 100
56 100
57 100
75 100
76 100
77 100
78 100
79 100
80 100
81 100
114 100
115 100
116 100
117 100
118 100
148 100
149 100
150 100
151 100
152 100
196 100
197 100
198 100
199 100
200 100
201 100
53 101
54 101
55 101
56 101
57 101
75 101
76 101
77 101
78 101
79 101
80 101
81 101
82 101
83 101
84 101
114 101
115 101
116 101
117 101
118 101
147 101
148 101
149 101
150 101
151 101
159 101
160 101
161 101
162 101
163 101
164 101
165 101
166 101
167 101
197 101
198 101
199 101
200 101
201 101
53 102
54 102
55 102
56 102
57 102
76 102
77 102
78 102
79 102
80 102
81 102
82 102
83 102
84 102
85 102
86 102
87 102
113 102
114 102
115 102
116 102
117 102
146 102
147 102
148 102
149 102
150 102
156 102
157 102
158 102
159 102
160 102
161 102
162 102
163 102
164 102
165 102
166 102
167 102
168 102
169 102
198 102
199 102
200 102
201 102
202 102
53 103
54 103
55 103
56 103
57 103
77 103
78 103
79 103
80 103
81 103
82 103
83 103
84 103
85 103
86 103
87 103
88 103
89 103
113 103
114 103
115 103
116 103
117 103
145 103
146 103
147 103
148 103
149 103
150 103
151 103
152 103
153 103
154 103
155 103
156 103
157 103
158 103
159 103
160 103
161 103
162 103
163 103
164 103
165 103
166 103
167 103
168 103
169 103
170 103
198 103
199 103
200 103
201 103
202 103
203 103
53 104
54 104
55 104
56 104
57 104
80 104
81 104
82 104
83 104
84 104
85 104
86 104
87 104
88 104
89 104
90 104
91 104
92 104
93 104
94 104
113 104
114 104
115 104
116 104
117 104
144 104
145 104
146 104
147 104
148 104
149 104
150 104
151 104
152 104
153 104
154 104
155 104
156 104
157 104
158 104
159 104
160 104
161 104
162 104
163 104
164 104
165 104
166 104
167 104
168 104
169 104
170 104
171 104
172 104
199 104
200 104
201 104
202 104
203 104
53 105
54 105
55 105
56 105
57 105
81 105
82 105
83 105
84 105
85 105
86 105
87 105
88 105
89 105
90 105
91 105
92 105
93 105
94 105
95 105
96 105
97 105
98 105
99 105
100 105
101 105
102 105
103 105
104 105
105 105
106 105
107 105
108 105
109 105
110 105
111 105
112 105
113 105
114 105
115 105
116 105
144 105
145 105
146 105
147 105
148 105
149 105
150 105
151 105
152 105
153 105
154 105
155 105
156 105
157 105
158 105
159 105
160 105
161 105
162 105
163 105
164 105
165 105
166 105
167 105
168 105
169 105
170 105
171 105
172 105
173 105
200 105
201 105
202 105
203 105
204 105
53 106
54 106
55 106
56 106
57 106
84 106
85 106
86 106
87 106
88 106
89 106
90 106
91 106
92 106
93 106
94 106
95 106
96 106
97 106
98 106
99 106
100 106
101 106
102 106
103 106
104 106
105 106
106 106
107 106
108 106
109 106
110 106
111 106
112 106
113 106
114 106
115 106
116 106
145 106
146 106
147 106
148 106
149 106
150 106
151 106
152 106
153 106
154 106
155 106
156 106
157 106
158 106
159 106
167 106
168 106
169 106
170 106
171 106
172 106
173 106
174 106
175 106
200 106
201 106
202 106
203 106
204 106
205 106
53 107
54 107
55 107
56 107
57 107
87 107
88 107
89 107
90 107
91 107
92 107
93 107
94 107
95 107
96 107
97 107
98 107
99 107
100 107
101 107
102 107
103 107
104 107
105 107
106 107
107 107
108 107
109 107
110 107
111 107
112 107
113 107
114 107
115 107
146 107
147 107
148 107
149 107
150 107
151 107
152 107
153 107
154 107
155 107
169 107
170 107
171 107
172 107
173 107
174 107
175 107
176 107
177 107
201 107
202 107
203 107
204 107
205 107
206 107
53 108
54 108
55 108
56 108
57 108
90 108
91 108
92 108
93 108
94 108
95 108
96 108
97 108
98 108
99 108
100 108
101 108
102 108
103 108
104 108
105 108
106 108
107 108
108 108
109 108
110 108
111 108
112 108
113 108
114 108
170 108
171 108
172 108
173 108
174 108
175 108
176 108
177 108
178 108
202 108
203 108
204 108
205 108
206 108
52 109
53 109
54 109
55 109
56 109
57 109
94 109
95 109
96 109
97 109
98 109
99 109
100 109
101 109
102 109
103 109
104 109
105 109
106 109
107 109
108 109
109 109
110 109
111 109
112 109
113 109
172 109
173 109
174 109
175 109
176 109
177 109
178 109
179 109
202 109
203 109
204 109
205 109
206 109
52 110
53 110
54 110
55 110
56 110
174 110
175 110
176 110
177 110
178 110
179 110
180 110
181 110
203 110
204 110
205 110
206 110
207 110
52 111
53 111
54 111
55 111
56 111
176 111
177 111
178 111
179 111
180 111
181 111
182 111
204 111
205 111
206 111
207 111
208 111
52 112
53 112
54 112
55 112
56 112
177 112
178 112
179 112
180 112
181 112
182 112
183 112
184 112
204 112
205 112
206 112
207 112
208 112
52 113
53 113
54 113
55 113
56 113
179 113
180 113
181 113
182 113
183 113
184 113
185 113
186 113
204 113
205 113
206 113
207 113
208 113
52 114
53 114
54 114
55 114
56 114
180 114
181 114
182 114
183 114
184 114
185 114
186 114
187 114
205 114
206 114
207 114
208 114
209 114
52 115
53 115
54 115
55 115
56 115
181 115
182 115
183 115
184 115
185 115
186 115
187 115
188 115
189 115
205 115
206 115
207 115
208 115
209 115
52 116
53 116
54 116
55 116
56 116
182 116
183 116
184 116
185 116
186 116
187 116
188 116
189 116
190 116
206 116
207 116
208 116
209 116
210 116
51 117
52 117
53 117
54 117
55 117
185 117
186 117
187 117
188 117
189 117
190 117
191 117
192 117
206 117
207 117
208 117
209 117
210 117
211 117
51 118
52 118
53 118
54 118
55 118
187 118
188 118
189 118
190 118
191 118
192 118
193 118
207 118
208 118
209 118
210 118
211 118
51 119
52 119
53 119
54 119
55 119
188 119
189 119
190 119
191 119
192 119
193 119
194 119
207 119
208 119
209 119
210 119
211 119
51 120
52 120
53 120
54 120
55 120
189 120
190 120
191 120
192 120
193 120
194 120
195 120
208 120
209 120
210 120
211 120
212 120
51 121
52 121
53 121
54 121
55 121
191 121
192 121
193 121
194 121
195 121
196 121
209 121
210 121
211 121
212 121
213 121
51 122
52 122
53 122
54 122
55 122
192 122
193 122
194 122
195 122
196 122
197 122
209 122
210 122
211 122
212 122
213 122
51 123
52 123
53 123
54 123
55 123
193 123
194 123
195 123
196 123
197 123
210 123
211 123
212 123
213 123
214 123
51 124
52 124
53 124
54 124
55 124
194 124
195 124
196 124
197 124
198 124
210 124
211 124
212 124
213 124
214 124
51 125
52 125
53 125
54 125
55 125
195 125
196 125
197 125
198 125
199 125
211 125
212 125
213 125
214 125
215 125
51 126
52 126
53 126
54 126
55 126
195 126
196 126
197 126
198 126
199 126
200 126
211 126
212 126
213 126
214 126
215 126
51 127
52 127
53 127
54 127
55 127
196 127
197 127
198 127
199 127
200 127
201 127
212 127
213 127
214 127
215 127
216 127
51 128
52 128
53 128
54 128
55 128
197 128
198 128
199 128
200 128
201 128
202 128
212 128
213 128
214 128
215 128
216 128
51 129
52 129
53 129
54 129
55 129
198 129
199 129
200 129
201 129
202 129
213 129
214 129
215 129
216 129
217 129
51 130
52 130
53 130
54 130
55 130
199 130
200 130
201 130
202 130
203 130
214 130
215 130
216 130
217 130
218 130
51 131
52 131
53 131
54 131
55 131
200 131
201 131
202 131
203 131
204 131
214 131
215 131
216 131
217 131
218 131
219 131
51 132
52 132
53 132
54 132
55 132
200 132
201 132
202 132
203 132
204 132
205 132
215 132
216 132
217 132
218 132
219 132
220 132
52 133
53 133
54 133
55 133
56 133
201 133
202 133
203 133
204 133
205 133
216 133
217 133
218 133
219 133
220 133
52 134
53 134
54 134
55 134
56 134
201 134
202 134
203 134
204 134
205 134
206 134
217 134
218 134
219 134
220 134
221 134
52 135
53 135
54 135
55 135
56 135
202 135
203 135
204 135
205 135
206 135
217 135
218 135
219 135
220 135
221 135
222 135
52 136
53 136
54 136
55 136
56 136
203 136
204 136
205 136
206 136
207 136
218 136
219 136
220 136
221 136
222 136
52 137
53 137
54 137
55 137
56 137
203 137
204 137
205 137
206 137
207 137
208 137
219 137
220 137
221 137
222 137
223 137
52 138
53 138
54 138
55 138
56 138
204 138
205 138
206 138
207 138
208 138
219 138
220 138
221 138
222 138
223 138
224 138
52 139
53 139
54 139
55 139
56 139
57 139
204 139
205 139
206 139
207 139
208 139
220 139
221 139
222 139
223 139
224 139
53 140
54 140
55 140
56 140
57 140
204 140
205 140
206 140
207 140
208 140
209 140
221 140
222 140
223 140
224 140
225 140
53 141
54 141
55 141
56 141
57 141
205 141
206 141
207 141
208 141
209 141
221 141
222 141
223 141
224 141
225 141
53 142
54 142
55 142
56 142
57 142
205 142
206 142
207 142
208 142
209 142
221 142
222 142
223 142
224 142
225 142
53 143
54 143
55 143
56 143
57 143
206 143
207 143
208 143
209 143
210 143
221 143
222 143
223 143
224 143
225 143
54 144
55 144
56 144
57 144
58 144
206 144
207 144
208 144
209 144
210 144
211 144
221 144
222 144
223 144
224 144
225 144
54 145
55 145
56 145
57 145
58 145
207 145
208 145
209 145
210 145
211 145
220 145
221 145
222 145
223 145
224 145
225 145
54 146
55 146
56 146
57 146
58 146
59 146
208 146
209 146
210 146
211 146
212 146
220 146
221 146
222 146
223 146
224 146
55 147
56 147
57 147
58 147
59 147
208 147
209 147
210 147
211 147
212 147
213 147
220 147
221 147
222 147
223 147
224 147
55 148
56 148
57 148
58 148
59 148
209 148
210 148
211 148
212 148
213 148
214 148
215 148
216 148
217 148
218 148
219 148
220 148
221 148
222 148
223 148
224 148
55 149
56 149
57 149
58 149
59 149
210 149
211 149
212 149
213 149
214 149
215 149
216 149
217 149
218 149
219 149
220 149
221 149
222 149
223 149
54 150
55 150
56 150
57 150
58 150
211 150
212 150
213 150
214 150
215 150
216 150
217 150
218 150
219 150
220 150
221 150
222 150
54 151
55 151
56 151
57 151
58 151
212 151
213 151
214 151
215 151
216 151
217 151
218 151
219 151
220 151
221 151
53 152
54 152
55 152
56 152
57 152
214 152
215 152
216 152
217 152
218 152
219 152
220 152
53 153
54 153
55 153
56 153
57 153
53 154
54 154
55 154
56 154
57 154
53 155
54 155
55 155
56 155
57 155
53 156
54 156
55 156
56 156
57 156
53 157
54 157
55 157
56 157
57 157
53 158
54 158
55 158
56 158
57 158
53 159
54 159
55 159
56 159
57 159
53 160
54 160
55 160
56 160
57 160
58 160
54 161
55 161
56 161
57 161
58 161
55 162
56 162
57 162
58 162
59 162
56 163
57 163
58 163
59 163
60 163
57 164
58 164
59 164
58 165
