/home/daniel/Projects/GIT/PhD/binocs-experiment/images/ds1/giraffe2.jpg
700 467
1
104 35 242 404 
1
2247
324 68
323 69
324 69
325 69
322 70
323 70
324 70
325 70
326 70
321 71
322 71
323 71
324 71
325 71
326 71
321 72
322 72
323 72
324 72
325 72
320 73
321 73
322 73
323 73
324 73
325 73
320 74
321 74
322 74
323 74
324 74
319 75
320 75
321 75
322 75
323 75
324 75
319 76
320 76
321 76
322 76
323 76
319 77
320 77
321 77
322 77
323 77
318 78
319 78
320 78
321 78
322 78
317 79
318 79
319 79
320 79
321 79
322 79
317 80
318 80
319 80
320 80
321 80
316 81
317 81
318 81
319 81
320 81
316 82
317 82
318 82
319 82
320 82
316 83
317 83
318 83
319 83
320 83
316 84
317 84
318 84
319 84
320 84
316 85
317 85
318 85
319 85
320 85
316 86
317 86
318 86
319 86
320 86
316 87
317 87
318 87
319 87
320 87
316 88
317 88
318 88
319 88
320 88
315 89
316 89
317 89
318 89
319 89
320 89
315 90
316 90
317 90
318 90
319 90
314 91
315 91
316 91
317 91
318 91
313 92
314 92
315 92
316 92
317 92
312 93
313 93
314 93
315 93
316 93
317 93
312 94
313 94
314 94
315 94
316 94
312 95
313 95
314 95
315 95
316 95
311 96
312 96
313 96
314 96
315 96
311 97
312 97
313 97
314 97
315 97
311 98
312 98
313 98
314 98
315 98
310 99
311 99
312 99
313 99
314 99
309 100
310 100
311 100
312 100
313 100
314 100
309 101
310 101
311 101
312 101
313 101
309 102
310 102
311 102
312 102
313 102
309 103
310 103
311 103
312 103
313 103
309 104
310 104
311 104
312 104
313 104
308 105
309 105
310 105
311 105
312 105
308 106
309 106
310 106
311 106
312 106
308 107
309 107
310 107
311 107
312 107
307 108
308 108
309 108
310 108
311 108
312 108
307 109
308 109
309 109
310 109
311 109
307 110
308 110
309 110
310 110
311 110
307 111
308 111
309 111
310 111
311 111
306 112
307 112
308 112
309 112
310 112
306 113
307 113
308 113
309 113
310 113
306 114
307 114
308 114
309 114
310 114
306 115
307 115
308 115
309 115
310 115
305 116
306 116
307 116
308 116
309 116
305 117
306 117
307 117
308 117
309 117
305 118
306 118
307 118
308 118
309 118
305 119
306 119
307 119
308 119
309 119
305 120
306 120
307 120
308 120
309 120
305 121
306 121
307 121
308 121
309 121
305 122
306 122
307 122
308 122
309 122
304 123
305 123
306 123
307 123
308 123
309 123
304 124
305 124
306 124
307 124
308 124
304 125
305 125
306 125
307 125
308 125
303 126
304 126
305 126
306 126
307 126
308 126
303 127
304 127
305 127
306 127
307 127
302 128
303 128
304 128
305 128
306 128
307 128
302 129
303 129
304 129
305 129
306 129
302 130
303 130
304 130
305 130
306 130
301 131
302 131
303 131
304 131
305 131
301 132
302 132
303 132
304 132
305 132
301 133
302 133
303 133
304 133
305 133
300 134
301 134
302 134
303 134
304 134
305 134
300 135
301 135
302 135
303 135
304 135
300 136
301 136
302 136
303 136
304 136
299 137
300 137
301 137
302 137
303 137
299 138
300 138
301 138
302 138
303 138
299 139
300 139
301 139
302 139
303 139
298 140
299 140
300 140
301 140
302 140
297 141
298 141
299 141
300 141
301 141
302 141
297 142
298 142
299 142
300 142
301 142
296 143
297 143
298 143
299 143
300 143
296 144
297 144
298 144
299 144
300 144
296 145
297 145
298 145
299 145
300 145
295 146
296 146
297 146
298 146
299 146
295 147
296 147
297 147
298 147
299 147
295 148
296 148
297 148
298 148
299 148
294 149
295 149
296 149
297 149
298 149
294 150
295 150
296 150
297 150
298 150
293 151
294 151
295 151
296 151
297 151
298 151
293 152
294 152
295 152
296 152
297 152
292 153
293 153
294 153
295 153
296 153
297 153
292 154
293 154
294 154
295 154
296 154
292 155
293 155
294 155
295 155
296 155
292 156
293 156
294 156
295 156
296 156
291 157
292 157
293 157
294 157
295 157
296 157
291 158
292 158
293 158
294 158
295 158
291 159
292 159
293 159
294 159
295 159
290 160
291 160
292 160
293 160
294 160
295 160
290 161
291 161
292 161
293 161
294 161
290 162
291 162
292 162
293 162
294 162
289 163
290 163
291 163
292 163
293 163
294 163
289 164
290 164
291 164
292 164
293 164
288 165
289 165
290 165
291 165
292 165
288 166
289 166
290 166
291 166
292 166
287 167
288 167
289 167
290 167
291 167
286 168
287 168
288 168
289 168
290 168
291 168
286 169
287 169
288 169
289 169
290 169
286 170
287 170
288 170
289 170
290 170
285 171
286 171
287 171
288 171
289 171
285 172
286 172
287 172
288 172
289 172
284 173
285 173
286 173
287 173
288 173
284 174
285 174
286 174
287 174
288 174
283 175
284 175
285 175
286 175
287 175
283 176
284 176
285 176
286 176
287 176
282 177
283 177
284 177
285 177
286 177
282 178
283 178
284 178
285 178
286 178
282 179
283 179
284 179
285 179
286 179
281 180
282 180
283 180
284 180
285 180
286 180
281 181
282 181
283 181
284 181
285 181
281 182
282 182
283 182
284 182
285 182
280 183
281 183
282 183
283 183
284 183
280 184
281 184
282 184
283 184
284 184
279 185
280 185
281 185
282 185
283 185
279 186
280 186
281 186
282 186
283 186
279 187
280 187
281 187
282 187
283 187
279 188
280 188
281 188
282 188
283 188
279 189
280 189
281 189
282 189
283 189
278 190
279 190
280 190
281 190
282 190
283 190
278 191
279 191
280 191
281 191
282 191
278 192
279 192
280 192
281 192
282 192
278 193
279 193
280 193
281 193
282 193
278 194
279 194
280 194
281 194
282 194
278 195
279 195
280 195
281 195
282 195
277 196
278 196
279 196
280 196
281 196
282 196
277 197
278 197
279 197
280 197
281 197
276 198
277 198
278 198
279 198
280 198
281 198
276 199
277 199
278 199
279 199
280 199
275 200
276 200
277 200
278 200
279 200
275 201
276 201
277 201
278 201
279 201
274 202
275 202
276 202
277 202
278 202
273 203
274 203
275 203
276 203
277 203
273 204
274 204
275 204
276 204
277 204
272 205
273 205
274 205
275 205
276 205
272 206
273 206
274 206
275 206
276 206
271 207
272 207
273 207
274 207
275 207
276 207
271 208
272 208
273 208
274 208
275 208
270 209
271 209
272 209
273 209
274 209
275 209
269 210
270 210
271 210
272 210
273 210
269 211
270 211
271 211
272 211
273 211
267 212
268 212
269 212
270 212
271 212
272 212
267 213
268 213
269 213
270 213
271 213
266 214
267 214
268 214
269 214
270 214
271 214
265 215
266 215
267 215
268 215
269 215
270 215
265 216
266 216
267 216
268 216
269 216
270 216
264 217
265 217
266 217
267 217
268 217
269 217
264 218
265 218
266 218
267 218
268 218
263 219
264 219
265 219
266 219
267 219
263 220
264 220
265 220
266 220
267 220
262 221
263 221
264 221
265 221
266 221
262 222
263 222
264 222
265 222
266 222
262 223
263 223
264 223
265 223
266 223
262 224
263 224
264 224
265 224
266 224
261 225
262 225
263 225
264 225
265 225
261 226
262 226
263 226
264 226
265 226
261 227
262 227
263 227
264 227
265 227
260 228
261 228
262 228
263 228
264 228
260 229
261 229
262 229
263 229
264 229
260 230
261 230
262 230
263 230
264 230
260 231
261 231
262 231
263 231
264 231
260 232
261 232
262 232
263 232
264 232
260 233
261 233
262 233
263 233
264 233
260 234
261 234
262 234
263 234
264 234
260 235
261 235
262 235
263 235
264 235
260 236
261 236
262 236
263 236
264 236
261 237
262 237
263 237
264 237
265 237
261 238
262 238
263 238
264 238
265 238
261 239
262 239
263 239
264 239
265 239
266 239
262 240
263 240
264 240
265 240
266 240
267 240
268 240
263 241
264 241
265 241
266 241
267 241
268 241
269 241
264 242
265 242
266 242
267 242
268 242
269 242
270 242
265 243
266 243
267 243
268 243
269 243
270 243
271 243
266 244
267 244
268 244
269 244
270 244
271 244
272 244
268 245
269 245
270 245
271 245
272 245
273 245
269 246
270 246
271 246
272 246
273 246
274 246
270 247
271 247
272 247
273 247
274 247
275 247
271 248
272 248
273 248
274 248
275 248
271 249
272 249
273 249
274 249
275 249
271 250
272 250
273 250
274 250
275 250
196 251
197 251
198 251
199 251
200 251
201 251
202 251
203 251
204 251
205 251
271 251
272 251
273 251
274 251
275 251
193 252
194 252
195 252
196 252
197 252
198 252
199 252
200 252
201 252
202 252
203 252
204 252
205 252
206 252
207 252
271 252
272 252
273 252
274 252
275 252
191 253
192 253
193 253
194 253
195 253
196 253
197 253
198 253
199 253
200 253
201 253
202 253
203 253
204 253
205 253
206 253
207 253
208 253
271 253
272 253
273 253
274 253
275 253
189 254
190 254
191 254
192 254
193 254
194 254
195 254
196 254
197 254
198 254
199 254
200 254
201 254
202 254
203 254
204 254
205 254
206 254
207 254
208 254
209 254
271 254
272 254
273 254
274 254
275 254
188 255
189 255
190 255
191 255
192 255
193 255
194 255
195 255
196 255
197 255
198 255
199 255
200 255
201 255
202 255
203 255
204 255
205 255
206 255
207 255
208 255
209 255
210 255
270 255
271 255
272 255
273 255
274 255
187 256
188 256
189 256
190 256
191 256
192 256
193 256
194 256
195 256
205 256
206 256
207 256
208 256
209 256
210 256
211 256
269 256
270 256
271 256
272 256
273 256
274 256
186 257
187 257
188 257
189 257
190 257
191 257
192 257
207 257
208 257
209 257
210 257
211 257
269 257
270 257
271 257
272 257
273 257
185 258
186 258
187 258
188 258
189 258
190 258
208 258
209 258
210 258
211 258
212 258
268 258
269 258
270 258
271 258
272 258
273 258
183 259
184 259
185 259
186 259
187 259
188 259
189 259
209 259
210 259
211 259
212 259
213 259
267 259
268 259
269 259
270 259
271 259
272 259
183 260
184 260
185 260
186 260
187 260
210 260
211 260
212 260
213 260
214 260
266 260
267 260
268 260
269 260
270 260
271 260
182 261
183 261
184 261
185 261
186 261
187 261
211 261
212 261
213 261
214 261
215 261
264 261
265 261
266 261
267 261
268 261
269 261
270 261
182 262
183 262
184 262
185 262
186 262
211 262
212 262
213 262
214 262
215 262
263 262
264 262
265 262
266 262
267 262
268 262
269 262
181 263
182 263
183 263
184 263
185 263
186 263
211 263
212 263
213 263
214 263
215 263
216 263
261 263
262 263
263 263
264 263
265 263
266 263
267 263
268 263
181 264
182 264
183 264
184 264
185 264
212 264
213 264
214 264
215 264
216 264
260 264
261 264
262 264
263 264
264 264
265 264
266 264
267 264
268 264
180 265
181 265
182 265
183 265
184 265
212 265
213 265
214 265
215 265
216 265
217 265
257 265
258 265
259 265
260 265
261 265
262 265
263 265
264 265
265 265
266 265
179 266
180 266
181 266
182 266
183 266
213 266
214 266
215 266
216 266
217 266
255 266
256 266
257 266
258 266
259 266
260 266
261 266
262 266
263 266
264 266
179 267
180 267
181 267
182 267
183 267
214 267
215 267
216 267
217 267
218 267
255 267
256 267
257 267
258 267
259 267
260 267
261 267
262 267
263 267
264 267
178 268
179 268
180 268
181 268
182 268
215 268
216 268
217 268
218 268
219 268
252 268
253 268
254 268
255 268
256 268
257 268
258 268
259 268
260 268
261 268
262 268
178 269
179 269
180 269
181 269
182 269
216 269
217 269
218 269
219 269
220 269
221 269
222 269
249 269
250 269
251 269
252 269
253 269
254 269
255 269
256 269
257 269
258 269
259 269
260 269
177 270
178 270
179 270
180 270
181 270
217 270
218 270
219 270
220 270
221 270
222 270
223 270
224 270
245 270
246 270
247 270
248 270
249 270
250 270
251 270
252 270
253 270
254 270
255 270
256 270
257 270
177 271
178 271
179 271
180 271
181 271
218 271
219 271
220 271
221 271
222 271
223 271
224 271
225 271
226 271
227 271
242 271
243 271
244 271
245 271
246 271
247 271
248 271
249 271
250 271
251 271
252 271
253 271
254 271
255 271
176 272
177 272
178 272
179 272
180 272
219 272
220 272
221 272
222 272
223 272
224 272
225 272
226 272
227 272
228 272
229 272
230 272
231 272
232 272
233 272
234 272
235 272
236 272
237 272
238 272
239 272
240 272
241 272
242 272
243 272
244 272
245 272
246 272
247 272
248 272
249 272
250 272
251 272
252 272
253 272
254 272
176 273
177 273
178 273
179 273
180 273
220 273
221 273
222 273
223 273
224 273
225 273
226 273
227 273
228 273
229 273
230 273
231 273
232 273
233 273
234 273
235 273
236 273
237 273
238 273
239 273
240 273
241 273
242 273
243 273
244 273
245 273
246 273
247 273
248 273
249 273
250 273
251 273
252 273
176 274
177 274
178 274
179 274
180 274
222 274
223 274
224 274
225 274
226 274
227 274
228 274
229 274
230 274
231 274
232 274
233 274
234 274
235 274
236 274
237 274
238 274
239 274
240 274
241 274
242 274
243 274
244 274
245 274
246 274
247 274
248 274
176 275
177 275
178 275
179 275
180 275
224 275
225 275
226 275
227 275
228 275
229 275
230 275
231 275
232 275
233 275
234 275
235 275
236 275
237 275
238 275
239 275
240 275
241 275
242 275
243 275
244 275
245 275
175 276
176 276
177 276
178 276
179 276
228 276
229 276
230 276
231 276
232 276
233 276
234 276
235 276
236 276
237 276
238 276
239 276
240 276
241 276
175 277
176 277
177 277
178 277
179 277
174 278
175 278
176 278
177 278
178 278
174 279
175 279
176 279
177 279
178 279
174 280
175 280
176 280
177 280
178 280
174 281
175 281
176 281
177 281
178 281
174 282
175 282
176 282
177 282
178 282
174 283
175 283
176 283
177 283
178 283
174 284
175 284
176 284
177 284
178 284
174 285
175 285
176 285
177 285
178 285
174 286
175 286
176 286
177 286
178 286
175 287
176 287
177 287
178 287
179 287
175 288
176 288
177 288
178 288
179 288
175 289
176 289
177 289
178 289
179 289
175 290
176 290
177 290
178 290
179 290
175 291
176 291
177 291
178 291
179 291
175 292
176 292
177 292
178 292
179 292
175 293
176 293
177 293
178 293
179 293
175 294
176 294
177 294
178 294
179 294
175 295
176 295
177 295
178 295
179 295
175 296
176 296
177 296
178 296
179 296
175 297
176 297
177 297
178 297
179 297
175 298
176 298
177 298
178 298
179 298
175 299
176 299
177 299
178 299
179 299
175 300
176 300
177 300
178 300
179 300
175 301
176 301
177 301
178 301
179 301
175 302
176 302
177 302
178 302
179 302
175 303
176 303
177 303
178 303
179 303
175 304
176 304
177 304
178 304
179 304
175 305
176 305
177 305
178 305
179 305
175 306
176 306
177 306
178 306
179 306
175 307
176 307
177 307
178 307
179 307
176 308
177 308
178 308
179 308
180 308
176 309
177 309
178 309
179 309
180 309
176 310
177 310
178 310
179 310
180 310
176 311
177 311
178 311
179 311
180 311
176 312
177 312
178 312
179 312
180 312
177 313
178 313
179 313
180 313
181 313
177 314
178 314
179 314
180 314
181 314
178 315
179 315
180 315
181 315
182 315
178 316
179 316
180 316
181 316
182 316
178 317
179 317
180 317
181 317
182 317
183 317
179 318
180 318
181 318
182 318
183 318
179 319
180 319
181 319
182 319
183 319
184 319
180 320
181 320
182 320
183 320
184 320
180 321
181 321
182 321
183 321
184 321
180 322
181 322
182 322
183 322
184 322
179 323
180 323
181 323
182 323
183 323
184 323
179 324
180 324
181 324
182 324
183 324
179 325
180 325
181 325
182 325
183 325
179 326
180 326
181 326
182 326
183 326
179 327
180 327
181 327
182 327
183 327
179 328
180 328
181 328
182 328
183 328
178 329
179 329
180 329
181 329
182 329
183 329
178 330
179 330
180 330
181 330
182 330
178 331
179 331
180 331
181 331
182 331
178 332
179 332
180 332
181 332
182 332
178 333
179 333
180 333
181 333
182 333
178 334
179 334
180 334
181 334
182 334
178 335
179 335
180 335
181 335
182 335
178 336
179 336
180 336
181 336
182 336
178 337
179 337
180 337
181 337
182 337
178 338
179 338
180 338
181 338
182 338
177 339
178 339
179 339
180 339
181 339
177 340
178 340
179 340
180 340
181 340
177 341
178 341
179 341
180 341
181 341
177 342
178 342
179 342
180 342
181 342
177 343
178 343
179 343
180 343
181 343
177 344
178 344
179 344
180 344
181 344
177 345
178 345
179 345
180 345
181 345
177 346
178 346
179 346
180 346
181 346
177 347
178 347
179 347
180 347
181 347
177 348
178 348
179 348
180 348
181 348
177 349
178 349
179 349
180 349
181 349
177 350
178 350
179 350
180 350
181 350
177 351
178 351
179 351
180 351
181 351
177 352
178 352
179 352
180 352
181 352
176 353
177 353
178 353
179 353
180 353
176 354
177 354
178 354
179 354
180 354
176 355
177 355
178 355
179 355
180 355
176 356
177 356
178 356
179 356
180 356
175 357
176 357
177 357
178 357
179 357
174 358
175 358
176 358
177 358
178 358
174 359
175 359
176 359
177 359
178 359
174 360
175 360
176 360
177 360
178 360
173 361
174 361
175 361
176 361
177 361
173 362
174 362
175 362
176 362
177 362
173 363
174 363
175 363
176 363
177 363
173 364
174 364
175 364
176 364
177 364
172 365
173 365
174 365
175 365
176 365
171 366
172 366
173 366
174 366
175 366
176 366
170 367
171 367
172 367
173 367
174 367
175 367
169 368
170 368
171 368
172 368
173 368
174 368
169 369
170 369
171 369
172 369
173 369
168 370
169 370
170 370
171 370
172 370
173 370
168 371
169 371
170 371
171 371
172 371
168 372
169 372
170 372
171 372
172 372
168 373
169 373
170 373
171 373
172 373
168 374
169 374
170 374
171 374
172 374
168 375
169 375
170 375
171 375
172 375
168 376
169 376
170 376
171 376
172 376
168 377
169 377
170 377
171 377
172 377
168 378
169 378
170 378
171 378
172 378
168 379
169 379
170 379
171 379
172 379
168 380
169 380
170 380
171 380
172 380
168 381
169 381
170 381
171 381
172 381
168 382
169 382
170 382
171 382
172 382
168 383
169 383
170 383
171 383
172 383
168 384
169 384
170 384
171 384
172 384
168 385
169 385
170 385
171 385
172 385
168 386
169 386
170 386
171 386
172 386
168 387
169 387
170 387
171 387
172 387
168 388
169 388
170 388
171 388
172 388
168 389
169 389
170 389
171 389
172 389
168 390
169 390
170 390
171 390
172 390
173 390
169 391
170 391
171 391
172 391
173 391
169 392
170 392
171 392
172 392
173 392
169 393
170 393
171 393
172 393
173 393
169 394
170 394
171 394
172 394
173 394
169 395
170 395
171 395
172 395
173 395
169 396
170 396
171 396
172 396
173 396
169 397
170 397
171 397
172 397
173 397
169 398
170 398
171 398
172 398
173 398
169 399
170 399
171 399
172 399
173 399
174 399
170 400
171 400
172 400
173 400
174 400
170 401
171 401
172 401
173 401
174 401
170 402
171 402
172 402
173 402
174 402
175 402
171 403
172 403
173 403
174 403
175 403
171 404
172 404
173 404
174 404
175 404
171 405
172 405
173 405
174 405
175 405
171 406
172 406
173 406
174 406
175 406
171 407
172 407
173 407
174 407
175 407
171 408
172 408
173 408
174 408
175 408
171 409
172 409
173 409
174 409
175 409
171 410
172 410
173 410
174 410
175 410
171 411
172 411
173 411
174 411
175 411
171 412
172 412
173 412
174 412
175 412
171 413
172 413
173 413
174 413
175 413
172 414
173 414
174 414
173 415
