/home/daniel/Projects/GIT/PhD/binocs-experiment/images/ds1/Honeybee1.jpg
481 400
1
26 30 441 284 
1
4066
235 148
236 148
237 148
238 148
239 148
240 148
241 148
242 148
243 148
244 148
245 148
246 148
247 148
248 148
249 148
250 148
234 149
235 149
236 149
237 149
238 149
239 149
240 149
241 149
242 149
243 149
244 149
245 149
246 149
247 149
248 149
249 149
250 149
251 149
252 149
253 149
254 149
255 149
232 150
233 150
234 150
235 150
236 150
237 150
238 150
239 150
240 150
241 150
242 150
243 150
244 150
245 150
246 150
247 150
248 150
249 150
250 150
251 150
252 150
253 150
254 150
255 150
256 150
230 151
231 151
232 151
233 151
234 151
235 151
236 151
237 151
238 151
239 151
240 151
241 151
242 151
243 151
244 151
245 151
246 151
247 151
248 151
249 151
250 151
251 151
252 151
253 151
254 151
255 151
256 151
257 151
258 151
228 152
229 152
230 152
231 152
232 152
233 152
234 152
235 152
236 152
237 152
238 152
239 152
240 152
241 152
242 152
243 152
244 152
245 152
246 152
247 152
248 152
249 152
250 152
251 152
252 152
253 152
254 152
255 152
256 152
257 152
258 152
259 152
260 152
226 153
227 153
228 153
229 153
230 153
231 153
232 153
233 153
234 153
251 153
252 153
253 153
254 153
255 153
256 153
257 153
258 153
259 153
260 153
261 153
226 154
227 154
228 154
229 154
230 154
231 154
232 154
233 154
234 154
255 154
256 154
257 154
258 154
259 154
260 154
261 154
262 154
224 155
225 155
226 155
227 155
228 155
229 155
230 155
231 155
232 155
257 155
258 155
259 155
260 155
261 155
262 155
263 155
264 155
222 156
223 156
224 156
225 156
226 156
227 156
228 156
229 156
230 156
259 156
260 156
261 156
262 156
263 156
264 156
265 156
266 156
220 157
221 157
222 157
223 157
224 157
225 157
226 157
227 157
228 157
260 157
261 157
262 157
263 157
264 157
265 157
266 157
267 157
268 157
218 158
219 158
220 158
221 158
222 158
223 158
224 158
225 158
226 158
261 158
262 158
263 158
264 158
265 158
266 158
267 158
268 158
216 159
217 159
218 159
219 159
220 159
221 159
222 159
223 159
224 159
225 159
226 159
263 159
264 159
265 159
266 159
267 159
268 159
269 159
214 160
215 160
216 160
217 160
218 160
219 160
220 160
221 160
222 160
223 160
224 160
264 160
265 160
266 160
267 160
268 160
269 160
270 160
212 161
213 161
214 161
215 161
216 161
217 161
218 161
219 161
220 161
221 161
222 161
266 161
267 161
268 161
269 161
270 161
210 162
211 162
212 162
213 162
214 162
215 162
216 162
217 162
218 162
219 162
220 162
267 162
268 162
269 162
270 162
271 162
208 163
209 163
210 163
211 163
212 163
213 163
214 163
215 163
216 163
217 163
218 163
268 163
269 163
270 163
271 163
272 163
206 164
207 164
208 164
209 164
210 164
211 164
212 164
213 164
214 164
215 164
216 164
269 164
270 164
271 164
272 164
273 164
206 165
207 165
208 165
209 165
210 165
211 165
212 165
213 165
214 165
270 165
271 165
272 165
273 165
274 165
202 166
203 166
204 166
205 166
206 166
207 166
208 166
209 166
210 166
211 166
212 166
271 166
272 166
273 166
274 166
275 166
200 167
201 167
202 167
203 167
204 167
205 167
206 167
207 167
208 167
209 167
210 167
272 167
273 167
274 167
275 167
276 167
199 168
200 168
201 168
202 168
203 168
204 168
205 168
206 168
207 168
208 168
273 168
274 168
275 168
276 168
277 168
195 169
196 169
197 169
198 169
199 169
200 169
201 169
202 169
203 169
204 169
205 169
206 169
274 169
275 169
276 169
277 169
278 169
279 169
193 170
194 170
195 170
196 170
197 170
198 170
199 170
200 170
201 170
202 170
203 170
204 170
205 170
275 170
276 170
277 170
278 170
279 170
191 171
192 171
193 171
194 171
195 171
196 171
197 171
198 171
199 171
200 171
201 171
202 171
275 171
276 171
277 171
278 171
279 171
280 171
189 172
190 172
191 172
192 172
193 172
194 172
195 172
196 172
197 172
198 172
199 172
200 172
201 172
276 172
277 172
278 172
279 172
280 172
281 172
187 173
188 173
189 173
190 173
191 173
192 173
193 173
194 173
195 173
196 173
197 173
198 173
199 173
276 173
277 173
278 173
279 173
280 173
281 173
185 174
186 174
187 174
188 174
189 174
190 174
191 174
192 174
193 174
194 174
195 174
277 174
278 174
279 174
280 174
281 174
282 174
283 174
104 175
105 175
106 175
107 175
108 175
109 175
110 175
111 175
112 175
183 175
184 175
185 175
186 175
187 175
188 175
189 175
190 175
191 175
192 175
193 175
278 175
279 175
280 175
281 175
282 175
283 175
284 175
100 176
101 176
102 176
103 176
104 176
105 176
106 176
107 176
108 176
109 176
110 176
111 176
112 176
113 176
114 176
115 176
116 176
117 176
118 176
119 176
120 176
181 176
182 176
183 176
184 176
185 176
186 176
187 176
188 176
189 176
190 176
191 176
278 176
279 176
280 176
281 176
282 176
283 176
284 176
96 177
97 177
98 177
99 177
100 177
101 177
102 177
103 177
104 177
105 177
106 177
107 177
108 177
109 177
110 177
111 177
112 177
113 177
114 177
115 177
116 177
117 177
118 177
119 177
120 177
121 177
122 177
123 177
124 177
179 177
180 177
181 177
182 177
183 177
184 177
185 177
186 177
187 177
188 177
189 177
279 177
280 177
281 177
282 177
283 177
284 177
285 177
358 177
359 177
360 177
361 177
362 177
363 177
364 177
365 177
366 177
367 177
368 177
369 177
370 177
93 178
94 178
95 178
96 178
97 178
98 178
99 178
100 178
101 178
102 178
103 178
104 178
105 178
106 178
107 178
108 178
109 178
110 178
111 178
112 178
113 178
114 178
115 178
116 178
117 178
118 178
119 178
120 178
121 178
122 178
123 178
124 178
125 178
126 178
127 178
128 178
175 178
176 178
177 178
178 178
179 178
180 178
181 178
182 178
183 178
184 178
185 178
186 178
187 178
281 178
282 178
283 178
284 178
285 178
354 178
355 178
356 178
357 178
358 178
359 178
360 178
361 178
362 178
363 178
364 178
365 178
366 178
367 178
368 178
369 178
370 178
371 178
372 178
373 178
374 178
375 178
376 178
91 179
92 179
93 179
94 179
95 179
96 179
97 179
98 179
99 179
100 179
101 179
102 179
103 179
104 179
105 179
106 179
107 179
108 179
109 179
110 179
111 179
112 179
113 179
114 179
115 179
116 179
117 179
118 179
119 179
120 179
121 179
122 179
123 179
124 179
125 179
126 179
127 179
128 179
129 179
130 179
171 179
172 179
173 179
174 179
175 179
176 179
177 179
178 179
179 179
180 179
181 179
182 179
183 179
184 179
185 179
281 179
282 179
283 179
284 179
285 179
286 179
287 179
351 179
352 179
353 179
354 179
355 179
356 179
357 179
358 179
359 179
360 179
361 179
362 179
363 179
364 179
365 179
366 179
367 179
368 179
369 179
370 179
371 179
372 179
373 179
374 179
375 179
376 179
377 179
378 179
89 180
90 180
91 180
92 180
93 180
94 180
95 180
96 180
97 180
98 180
99 180
100 180
101 180
102 180
103 180
113 180
114 180
115 180
116 180
117 180
118 180
119 180
120 180
121 180
122 180
123 180
124 180
125 180
126 180
127 180
128 180
129 180
130 180
131 180
132 180
133 180
134 180
168 180
169 180
170 180
171 180
172 180
173 180
174 180
175 180
176 180
177 180
178 180
179 180
180 180
181 180
182 180
183 180
283 180
284 180
285 180
286 180
287 180
349 180
350 180
351 180
352 180
353 180
354 180
355 180
356 180
357 180
358 180
359 180
360 180
361 180
362 180
363 180
364 180
365 180
366 180
367 180
368 180
369 180
370 180
371 180
372 180
373 180
374 180
375 180
376 180
377 180
378 180
379 180
380 180
381 180
382 180
87 181
88 181
89 181
90 181
91 181
92 181
93 181
94 181
95 181
96 181
97 181
98 181
99 181
100 181
121 181
122 181
123 181
124 181
125 181
126 181
127 181
128 181
129 181
130 181
131 181
132 181
133 181
134 181
135 181
136 181
164 181
165 181
166 181
167 181
168 181
169 181
170 181
171 181
172 181
173 181
174 181
175 181
176 181
177 181
178 181
179 181
180 181
181 181
283 181
284 181
285 181
286 181
287 181
288 181
289 181
347 181
348 181
349 181
350 181
351 181
352 181
353 181
354 181
355 181
356 181
357 181
358 181
359 181
360 181
361 181
362 181
363 181
364 181
365 181
366 181
367 181
368 181
369 181
370 181
371 181
372 181
373 181
374 181
375 181
376 181
377 181
378 181
379 181
380 181
381 181
382 181
383 181
384 181
385 181
386 181
85 182
86 182
87 182
88 182
89 182
90 182
91 182
92 182
93 182
94 182
95 182
125 182
126 182
127 182
128 182
129 182
130 182
131 182
132 182
133 182
134 182
135 182
136 182
137 182
138 182
139 182
160 182
161 182
162 182
163 182
164 182
165 182
166 182
167 182
168 182
169 182
170 182
171 182
172 182
173 182
174 182
175 182
176 182
177 182
178 182
179 182
284 182
285 182
286 182
287 182
288 182
289 182
345 182
346 182
347 182
348 182
349 182
350 182
351 182
352 182
353 182
354 182
355 182
356 182
357 182
358 182
370 182
371 182
372 182
373 182
374 182
375 182
376 182
377 182
378 182
379 182
380 182
381 182
382 182
383 182
384 182
385 182
386 182
387 182
388 182
389 182
390 182
84 183
85 183
86 183
87 183
88 183
89 183
90 183
91 183
92 183
128 183
129 183
130 183
131 183
132 183
133 183
134 183
135 183
136 183
137 183
138 183
139 183
140 183
141 183
142 183
143 183
155 183
156 183
157 183
158 183
159 183
160 183
161 183
162 183
163 183
164 183
165 183
166 183
167 183
168 183
169 183
170 183
171 183
172 183
173 183
174 183
175 183
284 183
285 183
286 183
287 183
288 183
289 183
290 183
291 183
343 183
344 183
345 183
346 183
347 183
348 183
349 183
350 183
351 183
352 183
353 183
354 183
376 183
377 183
378 183
379 183
380 183
381 183
382 183
383 183
384 183
385 183
386 183
387 183
388 183
389 183
390 183
391 183
392 183
393 183
394 183
83 184
84 184
85 184
86 184
87 184
88 184
89 184
90 184
130 184
131 184
132 184
133 184
134 184
135 184
136 184
137 184
138 184
139 184
140 184
141 184
142 184
143 184
144 184
145 184
146 184
147 184
148 184
149 184
150 184
151 184
152 184
153 184
154 184
155 184
156 184
157 184
158 184
159 184
160 184
161 184
162 184
163 184
164 184
165 184
166 184
167 184
168 184
169 184
170 184
171 184
285 184
286 184
287 184
288 184
289 184
290 184
291 184
341 184
342 184
343 184
344 184
345 184
346 184
347 184
348 184
349 184
350 184
351 184
352 184
378 184
379 184
380 184
381 184
382 184
383 184
384 184
385 184
386 184
387 184
388 184
389 184
390 184
391 184
392 184
393 184
394 184
395 184
396 184
82 185
83 185
84 185
85 185
86 185
87 185
88 185
89 185
134 185
135 185
136 185
137 185
138 185
139 185
140 185
141 185
142 185
143 185
144 185
145 185
146 185
147 185
148 185
149 185
150 185
151 185
152 185
153 185
154 185
155 185
156 185
157 185
158 185
159 185
160 185
161 185
162 185
163 185
164 185
165 185
166 185
167 185
168 185
287 185
288 185
289 185
290 185
291 185
292 185
339 185
340 185
341 185
342 185
343 185
344 185
345 185
346 185
347 185
348 185
349 185
382 185
383 185
384 185
385 185
386 185
387 185
388 185
389 185
390 185
391 185
392 185
393 185
394 185
395 185
396 185
397 185
398 185
399 185
81 186
82 186
83 186
84 186
85 186
86 186
87 186
136 186
137 186
138 186
139 186
140 186
141 186
142 186
143 186
144 186
145 186
146 186
147 186
148 186
149 186
150 186
151 186
152 186
153 186
154 186
155 186
156 186
157 186
158 186
159 186
160 186
161 186
162 186
163 186
164 186
288 186
289 186
290 186
291 186
292 186
336 186
337 186
338 186
339 186
340 186
341 186
342 186
343 186
344 186
345 186
346 186
347 186
386 186
387 186
388 186
389 186
390 186
391 186
392 186
393 186
394 186
395 186
396 186
397 186
398 186
399 186
400 186
401 186
79 187
80 187
81 187
82 187
83 187
84 187
85 187
86 187
87 187
139 187
140 187
141 187
142 187
143 187
144 187
145 187
146 187
147 187
148 187
149 187
150 187
151 187
152 187
153 187
154 187
155 187
156 187
157 187
158 187
159 187
160 187
288 187
289 187
290 187
291 187
292 187
293 187
294 187
334 187
335 187
336 187
337 187
338 187
339 187
340 187
341 187
342 187
343 187
344 187
345 187
390 187
391 187
392 187
393 187
394 187
395 187
396 187
397 187
398 187
399 187
400 187
401 187
78 188
79 188
80 188
81 188
82 188
83 188
84 188
85 188
143 188
144 188
145 188
146 188
147 188
148 188
149 188
150 188
151 188
152 188
153 188
154 188
155 188
290 188
291 188
292 188
293 188
294 188
332 188
333 188
334 188
335 188
336 188
337 188
338 188
339 188
340 188
341 188
342 188
343 188
394 188
395 188
396 188
397 188
398 188
399 188
400 188
401 188
402 188
403 188
77 189
78 189
79 189
80 189
81 189
82 189
290 189
291 189
292 189
293 189
294 189
295 189
296 189
329 189
330 189
331 189
332 189
333 189
334 189
335 189
336 189
337 189
338 189
339 189
340 189
341 189
396 189
397 189
398 189
399 189
400 189
401 189
402 189
403 189
404 189
405 189
76 190
77 190
78 190
79 190
80 190
81 190
291 190
292 190
293 190
294 190
295 190
296 190
327 190
328 190
329 190
330 190
331 190
332 190
333 190
334 190
335 190
336 190
337 190
338 190
339 190
398 190
399 190
400 190
401 190
402 190
403 190
404 190
405 190
406 190
407 190
75 191
76 191
77 191
78 191
79 191
80 191
291 191
292 191
293 191
294 191
295 191
296 191
297 191
325 191
326 191
327 191
328 191
329 191
330 191
331 191
332 191
333 191
334 191
335 191
336 191
401 191
402 191
403 191
404 191
405 191
406 191
407 191
408 191
409 191
74 192
75 192
76 192
77 192
78 192
79 192
292 192
293 192
294 192
295 192
296 192
297 192
298 192
325 192
326 192
327 192
328 192
329 192
330 192
331 192
332 192
333 192
334 192
401 192
402 192
403 192
404 192
405 192
406 192
407 192
408 192
409 192
73 193
74 193
75 193
76 193
77 193
78 193
294 193
295 193
296 193
297 193
298 193
299 193
324 193
325 193
326 193
327 193
328 193
329 193
330 193
331 193
332 193
403 193
404 193
405 193
406 193
407 193
408 193
409 193
410 193
411 193
73 194
74 194
75 194
76 194
77 194
296 194
297 194
298 194
299 194
300 194
301 194
321 194
322 194
323 194
324 194
325 194
326 194
327 194
328 194
329 194
405 194
406 194
407 194
408 194
409 194
410 194
411 194
412 194
413 194
73 195
74 195
75 195
76 195
77 195
297 195
298 195
299 195
300 195
301 195
302 195
303 195
319 195
320 195
321 195
322 195
323 195
324 195
325 195
326 195
327 195
407 195
408 195
409 195
410 195
411 195
412 195
413 195
72 196
73 196
74 196
75 196
76 196
298 196
299 196
300 196
301 196
302 196
303 196
318 196
319 196
320 196
321 196
322 196
323 196
324 196
325 196
409 196
410 196
411 196
412 196
413 196
414 196
415 196
72 197
73 197
74 197
75 197
76 197
299 197
300 197
301 197
302 197
303 197
304 197
305 197
317 197
318 197
319 197
320 197
321 197
322 197
323 197
324 197
409 197
410 197
411 197
412 197
413 197
414 197
415 197
416 197
417 197
72 198
73 198
74 198
75 198
76 198
300 198
301 198
302 198
303 198
304 198
305 198
306 198
307 198
313 198
314 198
315 198
316 198
317 198
318 198
319 198
320 198
321 198
322 198
323 198
411 198
412 198
413 198
414 198
415 198
416 198
417 198
418 198
419 198
72 199
73 199
74 199
75 199
76 199
278 199
279 199
280 199
281 199
282 199
283 199
284 199
285 199
286 199
287 199
288 199
289 199
290 199
291 199
292 199
293 199
300 199
301 199
302 199
303 199
304 199
305 199
306 199
307 199
308 199
309 199
310 199
311 199
312 199
313 199
314 199
315 199
316 199
317 199
318 199
319 199
320 199
321 199
413 199
414 199
415 199
416 199
417 199
418 199
419 199
420 199
421 199
72 200
73 200
74 200
75 200
76 200
275 200
276 200
277 200
278 200
279 200
280 200
281 200
282 200
283 200
284 200
285 200
286 200
287 200
288 200
289 200
290 200
291 200
292 200
293 200
294 200
295 200
296 200
302 200
303 200
304 200
305 200
306 200
307 200
308 200
309 200
310 200
311 200
312 200
313 200
314 200
315 200
316 200
317 200
318 200
319 200
413 200
414 200
415 200
416 200
417 200
418 200
419 200
420 200
421 200
72 201
73 201
74 201
75 201
76 201
273 201
274 201
275 201
276 201
277 201
278 201
279 201
280 201
281 201
282 201
283 201
284 201
285 201
286 201
287 201
288 201
289 201
290 201
291 201
292 201
293 201
294 201
295 201
296 201
297 201
298 201
299 201
300 201
304 201
305 201
306 201
307 201
308 201
309 201
310 201
311 201
312 201
313 201
314 201
315 201
316 201
317 201
415 201
416 201
417 201
418 201
419 201
420 201
421 201
422 201
71 202
72 202
73 202
74 202
75 202
272 202
273 202
274 202
275 202
276 202
277 202
278 202
279 202
280 202
281 202
282 202
283 202
284 202
285 202
286 202
287 202
288 202
289 202
290 202
291 202
292 202
293 202
294 202
295 202
296 202
297 202
298 202
299 202
300 202
301 202
302 202
306 202
307 202
308 202
309 202
310 202
311 202
312 202
313 202
314 202
315 202
316 202
417 202
418 202
419 202
420 202
421 202
422 202
423 202
71 203
72 203
73 203
74 203
75 203
270 203
271 203
272 203
273 203
274 203
275 203
276 203
277 203
278 203
279 203
280 203
281 203
282 203
283 203
284 203
285 203
286 203
287 203
288 203
289 203
290 203
291 203
292 203
293 203
294 203
295 203
296 203
297 203
298 203
299 203
300 203
301 203
302 203
303 203
304 203
305 203
308 203
309 203
310 203
311 203
312 203
419 203
420 203
421 203
422 203
423 203
424 203
425 203
71 204
72 204
73 204
74 204
75 204
269 204
270 204
271 204
272 204
273 204
274 204
275 204
276 204
277 204
294 204
295 204
296 204
297 204
298 204
299 204
300 204
301 204
302 204
303 204
304 204
305 204
306 204
307 204
421 204
422 204
423 204
424 204
425 204
426 204
71 205
72 205
73 205
74 205
75 205
267 205
268 205
269 205
270 205
271 205
272 205
273 205
274 205
297 205
298 205
299 205
300 205
301 205
302 205
303 205
304 205
305 205
306 205
307 205
308 205
422 205
423 205
424 205
425 205
426 205
427 205
72 206
73 206
74 206
75 206
76 206
266 206
267 206
268 206
269 206
270 206
271 206
272 206
273 206
300 206
301 206
302 206
303 206
304 206
305 206
306 206
307 206
308 206
309 206
310 206
311 206
423 206
424 206
425 206
426 206
427 206
428 206
73 207
74 207
75 207
76 207
77 207
265 207
266 207
267 207
268 207
269 207
270 207
271 207
303 207
304 207
305 207
306 207
307 207
308 207
309 207
310 207
311 207
312 207
313 207
424 207
425 207
426 207
427 207
428 207
429 207
74 208
75 208
76 208
77 208
78 208
79 208
264 208
265 208
266 208
267 208
268 208
269 208
270 208
306 208
307 208
308 208
309 208
310 208
311 208
312 208
313 208
314 208
315 208
316 208
317 208
318 208
425 208
426 208
427 208
428 208
429 208
75 209
76 209
77 209
78 209
79 209
80 209
262 209
263 209
264 209
265 209
266 209
267 209
268 209
269 209
308 209
309 209
310 209
311 209
312 209
313 209
314 209
315 209
316 209
317 209
318 209
319 209
320 209
321 209
322 209
426 209
427 209
428 209
76 210
77 210
78 210
79 210
80 210
81 210
82 210
261 210
262 210
263 210
264 210
265 210
266 210
267 210
309 210
310 210
311 210
312 210
313 210
314 210
315 210
316 210
317 210
318 210
319 210
320 210
321 210
322 210
323 210
324 210
325 210
427 210
77 211
78 211
79 211
80 211
81 211
82 211
83 211
84 211
260 211
261 211
262 211
263 211
264 211
265 211
266 211
311 211
312 211
313 211
314 211
315 211
316 211
317 211
318 211
319 211
320 211
321 211
322 211
323 211
324 211
325 211
326 211
327 211
78 212
79 212
80 212
81 212
82 212
83 212
84 212
85 212
86 212
259 212
260 212
261 212
262 212
263 212
264 212
265 212
313 212
314 212
315 212
316 212
317 212
318 212
319 212
320 212
321 212
322 212
323 212
324 212
325 212
326 212
327 212
328 212
329 212
388 212
389 212
390 212
80 213
81 213
82 213
83 213
84 213
85 213
86 213
87 213
88 213
258 213
259 213
260 213
261 213
262 213
263 213
319 213
320 213
321 213
322 213
323 213
324 213
325 213
326 213
327 213
328 213
329 213
330 213
331 213
332 213
333 213
334 213
384 213
385 213
386 213
387 213
388 213
389 213
390 213
391 213
81 214
82 214
83 214
84 214
85 214
86 214
87 214
88 214
223 214
224 214
225 214
258 214
259 214
260 214
261 214
262 214
322 214
323 214
324 214
325 214
326 214
327 214
328 214
329 214
330 214
331 214
332 214
333 214
334 214
335 214
336 214
337 214
380 214
381 214
382 214
383 214
384 214
385 214
386 214
387 214
388 214
389 214
390 214
391 214
392 214
82 215
83 215
84 215
85 215
86 215
87 215
88 215
89 215
90 215
221 215
222 215
223 215
224 215
225 215
226 215
227 215
257 215
258 215
259 215
260 215
261 215
325 215
326 215
327 215
328 215
329 215
330 215
331 215
332 215
333 215
334 215
335 215
336 215
337 215
338 215
339 215
340 215
341 215
342 215
343 215
375 215
376 215
377 215
378 215
379 215
380 215
381 215
382 215
383 215
384 215
385 215
386 215
387 215
388 215
389 215
390 215
391 215
84 216
85 216
86 216
87 216
88 216
89 216
90 216
91 216
92 216
93 216
219 216
220 216
221 216
222 216
223 216
224 216
225 216
226 216
227 216
228 216
256 216
257 216
258 216
259 216
260 216
328 216
329 216
330 216
331 216
332 216
333 216
334 216
335 216
336 216
337 216
338 216
339 216
340 216
341 216
342 216
343 216
344 216
345 216
346 216
347 216
348 216
349 216
350 216
351 216
370 216
371 216
372 216
373 216
374 216
375 216
376 216
377 216
378 216
379 216
380 216
381 216
382 216
383 216
384 216
385 216
386 216
387 216
388 216
389 216
390 216
86 217
87 217
88 217
89 217
90 217
91 217
92 217
93 217
94 217
95 217
217 217
218 217
219 217
220 217
221 217
222 217
223 217
224 217
225 217
226 217
227 217
228 217
229 217
255 217
256 217
257 217
258 217
259 217
330 217
331 217
332 217
333 217
334 217
335 217
336 217
337 217
338 217
339 217
340 217
341 217
342 217
343 217
344 217
345 217
346 217
347 217
348 217
349 217
350 217
351 217
352 217
353 217
354 217
355 217
356 217
357 217
358 217
359 217
360 217
361 217
362 217
363 217
364 217
365 217
366 217
367 217
368 217
369 217
370 217
371 217
372 217
373 217
374 217
375 217
376 217
377 217
378 217
379 217
380 217
381 217
382 217
383 217
384 217
385 217
386 217
387 217
88 218
89 218
90 218
91 218
92 218
93 218
94 218
95 218
96 218
97 218
160 218
161 218
162 218
163 218
164 218
165 218
166 218
215 218
216 218
217 218
218 218
219 218
220 218
221 218
222 218
223 218
224 218
225 218
226 218
227 218
228 218
229 218
230 218
254 218
255 218
256 218
257 218
258 218
335 218
336 218
337 218
338 218
339 218
340 218
341 218
342 218
343 218
344 218
345 218
346 218
347 218
348 218
349 218
350 218
351 218
352 218
353 218
354 218
355 218
356 218
357 218
358 218
359 218
360 218
361 218
362 218
363 218
364 218
365 218
366 218
367 218
368 218
369 218
370 218
371 218
372 218
373 218
374 218
375 218
376 218
377 218
378 218
379 218
380 218
381 218
382 218
383 218
384 218
89 219
90 219
91 219
92 219
93 219
94 219
95 219
96 219
97 219
98 219
99 219
158 219
159 219
160 219
161 219
162 219
163 219
164 219
165 219
166 219
167 219
168 219
212 219
213 219
214 219
215 219
216 219
217 219
218 219
219 219
220 219
221 219
222 219
223 219
226 219
227 219
228 219
229 219
230 219
253 219
254 219
255 219
256 219
257 219
258 219
338 219
339 219
340 219
341 219
342 219
343 219
344 219
345 219
346 219
347 219
348 219
349 219
350 219
351 219
352 219
353 219
354 219
355 219
356 219
357 219
358 219
359 219
360 219
361 219
362 219
363 219
364 219
365 219
366 219
367 219
368 219
369 219
370 219
371 219
372 219
373 219
374 219
375 219
376 219
377 219
378 219
379 219
91 220
92 220
93 220
94 220
95 220
96 220
97 220
98 220
99 220
100 220
101 220
102 220
156 220
157 220
158 220
159 220
160 220
161 220
162 220
163 220
164 220
165 220
166 220
167 220
168 220
169 220
210 220
211 220
212 220
213 220
214 220
215 220
216 220
217 220
218 220
219 220
220 220
226 220
227 220
228 220
229 220
230 220
252 220
253 220
254 220
255 220
256 220
257 220
344 220
345 220
346 220
347 220
348 220
349 220
350 220
351 220
352 220
353 220
354 220
355 220
356 220
357 220
358 220
359 220
360 220
361 220
362 220
363 220
364 220
365 220
366 220
367 220
368 220
369 220
370 220
371 220
372 220
373 220
374 220
375 220
93 221
94 221
95 221
96 221
97 221
98 221
99 221
100 221
101 221
102 221
103 221
154 221
155 221
156 221
157 221
158 221
159 221
160 221
161 221
162 221
163 221
164 221
165 221
166 221
167 221
168 221
169 221
170 221
209 221
210 221
211 221
212 221
213 221
214 221
215 221
216 221
217 221
218 221
226 221
227 221
228 221
229 221
230 221
251 221
252 221
253 221
254 221
255 221
256 221
352 221
353 221
354 221
355 221
356 221
357 221
358 221
359 221
360 221
361 221
362 221
363 221
364 221
365 221
366 221
367 221
368 221
369 221
370 221
95 222
96 222
97 222
98 222
99 222
100 222
101 222
102 222
103 222
104 222
105 222
152 222
153 222
154 222
155 222
156 222
157 222
158 222
159 222
160 222
161 222
162 222
163 222
164 222
165 222
166 222
167 222
168 222
169 222
170 222
171 222
208 222
209 222
210 222
211 222
212 222
213 222
214 222
215 222
216 222
226 222
227 222
228 222
229 222
230 222
250 222
251 222
252 222
253 222
254 222
255 222
97 223
98 223
99 223
100 223
101 223
102 223
103 223
104 223
105 223
106 223
107 223
152 223
153 223
154 223
155 223
156 223
157 223
158 223
159 223
160 223
167 223
168 223
169 223
170 223
171 223
205 223
206 223
207 223
208 223
209 223
210 223
211 223
212 223
213 223
214 223
226 223
227 223
228 223
229 223
230 223
249 223
250 223
251 223
252 223
253 223
254 223
99 224
100 224
101 224
102 224
103 224
104 224
105 224
106 224
107 224
108 224
151 224
152 224
153 224
154 224
155 224
156 224
157 224
167 224
168 224
169 224
170 224
171 224
172 224
204 224
205 224
206 224
207 224
208 224
209 224
210 224
211 224
226 224
227 224
228 224
229 224
230 224
248 224
249 224
250 224
251 224
252 224
253 224
102 225
103 225
104 225
105 225
106 225
107 225
108 225
109 225
149 225
150 225
151 225
152 225
153 225
154 225
155 225
156 225
168 225
169 225
170 225
171 225
172 225
173 225
203 225
204 225
205 225
206 225
207 225
208 225
209 225
226 225
227 225
228 225
229 225
230 225
245 225
246 225
247 225
248 225
249 225
250 225
251 225
252 225
104 226
105 226
106 226
107 226
108 226
109 226
110 226
147 226
148 226
149 226
150 226
151 226
152 226
153 226
154 226
169 226
170 226
171 226
172 226
173 226
201 226
202 226
203 226
204 226
205 226
206 226
207 226
208 226
226 226
227 226
228 226
229 226
230 226
244 226
245 226
246 226
247 226
248 226
249 226
250 226
251 226
106 227
107 227
108 227
109 227
110 227
146 227
147 227
148 227
149 227
150 227
151 227
152 227
169 227
170 227
171 227
172 227
173 227
200 227
201 227
202 227
203 227
204 227
205 227
206 227
207 227
226 227
227 227
228 227
229 227
230 227
242 227
243 227
244 227
245 227
246 227
247 227
248 227
249 227
250 227
106 228
107 228
108 228
109 228
110 228
111 228
146 228
147 228
148 228
149 228
150 228
151 228
169 228
170 228
171 228
172 228
173 228
199 228
200 228
201 228
202 228
203 228
204 228
205 228
226 228
227 228
228 228
229 228
230 228
240 228
241 228
242 228
243 228
244 228
245 228
246 228
247 228
248 228
249 228
107 229
108 229
109 229
110 229
111 229
145 229
146 229
147 229
148 229
149 229
150 229
151 229
169 229
170 229
171 229
172 229
173 229
198 229
199 229
200 229
201 229
202 229
203 229
226 229
227 229
228 229
229 229
230 229
238 229
239 229
240 229
241 229
242 229
243 229
244 229
245 229
246 229
247 229
107 230
108 230
109 230
110 230
111 230
145 230
146 230
147 230
148 230
149 230
169 230
170 230
171 230
172 230
173 230
197 230
198 230
199 230
200 230
201 230
202 230
225 230
226 230
227 230
228 230
229 230
230 230
236 230
237 230
238 230
239 230
240 230
241 230
242 230
243 230
244 230
245 230
246 230
107 231
108 231
109 231
110 231
111 231
144 231
145 231
146 231
147 231
148 231
149 231
169 231
170 231
171 231
172 231
173 231
195 231
196 231
197 231
198 231
199 231
200 231
201 231
225 231
226 231
227 231
228 231
229 231
234 231
235 231
236 231
237 231
238 231
239 231
240 231
241 231
242 231
243 231
244 231
107 232
108 232
109 232
110 232
111 232
143 232
144 232
145 232
146 232
147 232
169 232
170 232
171 232
172 232
173 232
193 232
194 232
195 232
196 232
197 232
198 232
199 232
200 232
224 232
225 232
226 232
227 232
228 232
229 232
234 232
235 232
236 232
237 232
238 232
239 232
240 232
241 232
242 232
107 233
108 233
109 233
110 233
111 233
142 233
143 233
144 233
145 233
146 233
169 233
170 233
171 233
172 233
173 233
191 233
192 233
193 233
194 233
195 233
196 233
197 233
198 233
199 233
224 233
225 233
226 233
227 233
228 233
232 233
233 233
234 233
235 233
236 233
237 233
238 233
239 233
240 233
107 234
108 234
109 234
110 234
111 234
141 234
142 234
143 234
144 234
145 234
169 234
170 234
171 234
172 234
173 234
190 234
191 234
192 234
193 234
194 234
195 234
196 234
197 234
224 234
225 234
226 234
227 234
228 234
230 234
231 234
232 234
233 234
234 234
235 234
236 234
237 234
238 234
107 235
108 235
109 235
110 235
111 235
140 235
141 235
142 235
143 235
144 235
169 235
170 235
171 235
172 235
173 235
188 235
189 235
190 235
191 235
192 235
193 235
194 235
195 235
196 235
224 235
225 235
226 235
227 235
228 235
230 235
231 235
232 235
233 235
234 235
235 235
236 235
107 236
108 236
109 236
110 236
111 236
138 236
139 236
140 236
141 236
142 236
143 236
169 236
170 236
171 236
172 236
173 236
187 236
188 236
189 236
190 236
191 236
192 236
193 236
194 236
195 236
224 236
225 236
226 236
227 236
228 236
229 236
230 236
231 236
232 236
233 236
234 236
107 237
108 237
109 237
110 237
111 237
138 237
139 237
140 237
141 237
142 237
169 237
170 237
171 237
172 237
173 237
184 237
185 237
186 237
187 237
188 237
189 237
190 237
191 237
192 237
193 237
224 237
225 237
226 237
227 237
228 237
229 237
230 237
231 237
232 237
233 237
234 237
107 238
108 238
109 238
110 238
111 238
136 238
137 238
138 238
139 238
140 238
141 238
142 238
169 238
170 238
171 238
172 238
173 238
182 238
183 238
184 238
185 238
186 238
187 238
188 238
189 238
190 238
191 238
224 238
225 238
226 238
227 238
228 238
229 238
230 238
231 238
232 238
107 239
108 239
109 239
110 239
111 239
135 239
136 239
137 239
138 239
139 239
140 239
141 239
168 239
169 239
170 239
171 239
172 239
173 239
181 239
182 239
183 239
184 239
185 239
186 239
187 239
188 239
189 239
225 239
226 239
227 239
228 239
229 239
230 239
107 240
108 240
109 240
110 240
111 240
135 240
136 240
137 240
138 240
139 240
140 240
141 240
168 240
169 240
170 240
171 240
172 240
179 240
180 240
181 240
182 240
183 240
184 240
185 240
186 240
187 240
226 240
227 240
228 240
229 240
108 241
109 241
110 241
111 241
112 241
134 241
135 241
136 241
137 241
138 241
139 241
140 241
167 241
168 241
169 241
170 241
171 241
177 241
178 241
179 241
180 241
181 241
182 241
183 241
184 241
185 241
186 241
108 242
109 242
110 242
111 242
112 242
134 242
135 242
136 242
137 242
138 242
167 242
168 242
169 242
170 242
171 242
175 242
176 242
177 242
178 242
179 242
180 242
181 242
182 242
183 242
184 242
108 243
109 243
110 243
111 243
112 243
133 243
134 243
135 243
136 243
137 243
138 243
166 243
167 243
168 243
169 243
170 243
175 243
176 243
177 243
178 243
179 243
180 243
181 243
182 243
108 244
109 244
110 244
111 244
112 244
133 244
134 244
135 244
136 244
137 244
166 244
167 244
168 244
169 244
170 244
174 244
175 244
176 244
177 244
178 244
179 244
180 244
181 244
108 245
109 245
110 245
111 245
112 245
133 245
134 245
135 245
136 245
137 245
166 245
167 245
168 245
169 245
170 245
172 245
173 245
174 245
175 245
176 245
177 245
178 245
179 245
108 246
109 246
110 246
111 246
112 246
132 246
133 246
134 246
135 246
136 246
137 246
166 246
167 246
168 246
169 246
170 246
171 246
172 246
173 246
174 246
175 246
176 246
177 246
108 247
109 247
110 247
111 247
112 247
131 247
132 247
133 247
134 247
135 247
136 247
165 247
166 247
167 247
168 247
169 247
170 247
171 247
172 247
173 247
174 247
175 247
108 248
109 248
110 248
111 248
112 248
129 248
130 248
131 248
132 248
133 248
134 248
135 248
165 248
166 248
167 248
168 248
169 248
170 248
171 248
172 248
173 248
174 248
108 249
109 249
110 249
111 249
112 249
126 249
127 249
128 249
129 249
130 249
131 249
132 249
133 249
134 249
165 249
166 249
167 249
168 249
169 249
170 249
171 249
172 249
173 249
174 249
108 250
109 250
110 250
111 250
112 250
113 250
114 250
115 250
116 250
117 250
118 250
119 250
120 250
121 250
122 250
123 250
124 250
125 250
126 250
127 250
128 250
129 250
130 250
131 250
132 250
133 250
165 250
166 250
167 250
168 250
169 250
170 250
171 250
172 250
109 251
110 251
111 251
112 251
113 251
114 251
115 251
116 251
117 251
118 251
119 251
120 251
121 251
122 251
123 251
124 251
125 251
126 251
127 251
128 251
129 251
130 251
131 251
132 251
165 251
166 251
167 251
168 251
169 251
170 251
171 251
110 252
111 252
112 252
113 252
114 252
115 252
116 252
117 252
118 252
119 252
120 252
121 252
122 252
123 252
124 252
125 252
126 252
127 252
128 252
129 252
130 252
165 252
166 252
167 252
168 252
169 252
170 252
171 252
111 253
112 253
113 253
114 253
115 253
116 253
117 253
118 253
119 253
120 253
121 253
122 253
123 253
124 253
125 253
126 253
127 253
128 253
129 253
166 253
167 253
168 253
169 253
113 254
114 254
115 254
116 254
117 254
118 254
119 254
120 254
121 254
122 254
123 254
124 254
125 254
167 254
168 254
