/home/daniel/Projects/GIT/PhD/binocs-experiment/images/ds1/spider1.jpg
480 240
1
143 10 192 216 
1
438
241 86
240 87
241 87
242 87
239 88
240 88
241 88
242 88
243 88
239 89
240 89
241 89
242 89
243 89
240 90
241 90
242 90
243 90
244 90
240 91
241 91
242 91
243 91
244 91
240 92
241 92
242 92
243 92
244 92
240 93
241 93
242 93
243 93
244 93
240 94
241 94
242 94
243 94
244 94
240 95
241 95
242 95
243 95
244 95
240 96
241 96
242 96
243 96
244 96
240 97
241 97
242 97
243 97
244 97
240 98
241 98
242 98
243 98
244 98
240 99
241 99
242 99
243 99
244 99
240 100
241 100
242 100
243 100
244 100
240 101
241 101
242 101
243 101
244 101
240 102
241 102
242 102
243 102
244 102
240 103
241 103
242 103
243 103
244 103
240 104
241 104
242 104
243 104
244 104
240 105
241 105
242 105
243 105
244 105
240 106
241 106
242 106
243 106
244 106
240 107
241 107
242 107
243 107
244 107
240 108
241 108
242 108
243 108
244 108
240 109
241 109
242 109
243 109
244 109
240 110
241 110
242 110
243 110
244 110
240 111
241 111
242 111
243 111
244 111
240 112
241 112
242 112
243 112
244 112
240 113
241 113
242 113
243 113
244 113
240 114
241 114
242 114
243 114
244 114
240 115
241 115
242 115
243 115
244 115
240 116
241 116
242 116
243 116
244 116
239 117
240 117
241 117
242 117
243 117
244 117
239 118
240 118
241 118
242 118
243 118
239 119
240 119
241 119
242 119
243 119
239 120
240 120
241 120
242 120
243 120
239 121
240 121
241 121
242 121
243 121
251 121
252 121
253 121
239 122
240 122
241 122
242 122
243 122
250 122
251 122
252 122
253 122
254 122
239 123
240 123
241 123
242 123
243 123
249 123
250 123
251 123
252 123
253 123
254 123
255 123
238 124
239 124
240 124
241 124
242 124
243 124
248 124
249 124
250 124
251 124
252 124
253 124
254 124
237 125
238 125
239 125
240 125
241 125
242 125
247 125
248 125
249 125
250 125
251 125
252 125
253 125
234 126
235 126
236 126
237 126
238 126
239 126
240 126
241 126
247 126
248 126
249 126
250 126
251 126
230 127
231 127
232 127
233 127
234 127
235 127
236 127
237 127
238 127
239 127
240 127
247 127
248 127
249 127
250 127
251 127
229 128
230 128
231 128
232 128
233 128
234 128
235 128
236 128
237 128
238 128
239 128
247 128
248 128
249 128
250 128
251 128
228 129
229 129
230 129
231 129
232 129
233 129
234 129
235 129
236 129
237 129
238 129
248 129
249 129
250 129
251 129
252 129
228 130
229 130
230 130
231 130
232 130
233 130
234 130
235 130
236 130
237 130
248 130
249 130
250 130
251 130
252 130
227 131
228 131
229 131
230 131
231 131
232 131
233 131
234 131
248 131
249 131
250 131
251 131
252 131
227 132
228 132
229 132
230 132
231 132
232 132
233 132
234 132
235 132
248 132
249 132
250 132
251 132
252 132
228 133
229 133
230 133
231 133
232 133
233 133
234 133
235 133
236 133
237 133
238 133
239 133
246 133
247 133
248 133
249 133
250 133
251 133
252 133
253 133
229 134
230 134
231 134
232 134
233 134
234 134
235 134
236 134
237 134
238 134
239 134
240 134
241 134
242 134
243 134
244 134
245 134
246 134
247 134
248 134
249 134
250 134
251 134
252 134
253 134
230 135
231 135
232 135
233 135
234 135
235 135
236 135
237 135
238 135
239 135
240 135
241 135
242 135
243 135
244 135
245 135
246 135
247 135
248 135
249 135
250 135
251 135
252 135
232 136
233 136
234 136
235 136
236 136
237 136
238 136
239 136
240 136
241 136
242 136
243 136
244 136
245 136
246 136
247 136
248 136
249 136
250 136
251 136
235 137
236 137
237 137
238 137
239 137
240 137
241 137
242 137
243 137
244 137
245 137
246 137
247 137
248 137
239 138
240 138
241 138
242 138
243 138
244 138
245 138
