#Image: Flower
#
#Iteration           	Opt. Energy         	Elastica MDCA       	Perimeter           	Unlabeled           	
0                   	-1.000000           	4.665552            	494.515660          	588974544.000000    	
1                   	41.104294           	4.263448            	470.953445          	0.000000            	
2                   	38.605263           	3.182541            	454.807571          	0.000000            	
3                   	36.510204           	2.831071            	443.264179          	0.000000            	
4                   	32.868966           	2.642643            	432.957204          	0.000000            	
5                   	31.093333           	2.807567            	425.489483          	0.000000            	
6                   	26.411043           	2.513311            	417.377117          	0.000000            	
7                   	27.726115           	2.414222            	409.073816          	0.000000            	
8                   	24.962963           	2.256798            	400.689318          	0.000000            	
9                   	25.666667           	2.194349            	393.231145          	0.000000            	
10                  	22.672840           	2.200861            	386.951854          	0.000000            	
11                  	23.870968           	2.069562            	379.164801          	0.000000            	
12                  	23.925676           	1.892991            	373.603664          	0.000000            	
13                  	25.412587           	1.901270            	366.144884          	0.000000            	
14                  	21.510067           	1.849448            	360.658496          	0.000000            	
15                  	19.597484           	1.800150            	356.213983          	0.000000            	
16                  	19.953333           	1.479586            	351.081365          	0.000000            	
17                  	19.557692           	1.389524            	346.288408          	0.000000            	
18                  	15.987879           	1.075954            	342.721952          	0.000000            	
19                  	19.706294           	0.947129            	338.288174          	0.000000            	
20                  	18.482759           	0.799171            	335.265379          	0.000000            	
21                  	16.527778           	0.715733            	333.043949          	0.000000            	
22                  	18.673759           	0.672831            	331.303944          	0.000000            	
23                  	18.447552           	0.675257            	329.706229          	0.000000            	
24                  	20.209459           	0.561776            	327.315843          	0.000000            	
25                  	21.993151           	0.563873            	325.767264          	0.000000            	
26                  	22.542254           	0.497709            	324.230337          	0.000000            	
27                  	21.631206           	0.468765            	322.717820          	0.000000            	
28                  	21.526316           	0.433088            	321.869498          	0.000000            	
29                  	18.305970           	0.450745            	320.589757          	0.000000            	
30                  	17.488722           	0.442410            	319.898529          	0.000000            	
31                  	17.471014           	0.400453            	318.857924          	0.000000            	
32                  	15.578947           	0.376801            	318.179124          	0.000000            	
33                  	13.911565           	0.385085            	317.251280          	0.000000            	
34                  	18.863636           	0.360113            	316.970414          	0.000000            	
35                  	18.028369           	0.352575            	315.685665          	0.000000            	
36                  	17.470588           	0.332234            	315.582020          	0.000000            	
37                  	16.131387           	0.331560            	315.440599          	0.000000            	
38                  	17.280000           	0.336932            	314.566350          	0.000000            	
39                  	16.436090           	0.328502            	313.837378          	0.000000            	
40                  	16.548872           	0.311172            	313.887578          	0.000000            	
41                  	15.894737           	0.313689            	312.945647          	0.000000            	
42                  	16.120301           	0.314490            	312.686817          	0.000000            	
43                  	16.593985           	0.291727            	312.197928          	0.000000            	
44                  	16.308271           	0.270988            	311.677134          	0.000000            	
45                  	16.172932           	0.266849            	311.868143          	0.000000            	
46                  	16.696000           	0.282878            	311.807145          	0.000000            	
47                  	15.428571           	0.301443            	311.301770          	0.000000            	
48                  	15.880000           	0.274838            	310.861739          	0.000000            	
49                  	16.296000           	0.271722            	310.767582          	0.000000            	
50                  	16.336000           	0.279524            	310.676326          	0.000000            	
51                  	16.520000           	0.256693            	310.436328          	0.000000            	
52                  	15.953125           	0.260057            	310.265943          	0.000000            	
53                  	16.078125           	0.258874            	310.670169          	0.000000            	
54                  	16.226562           	0.261532            	310.027443          	0.000000            	
55                  	16.554688           	0.254218            	309.878485          	0.000000            	
56                  	16.164062           	0.250991            	310.169679          	0.000000            	
57                  	16.609375           	0.255402            	309.286221          	0.000000            	
58                  	16.601562           	0.246260            	309.057809          	0.000000            	
59                  	16.617188           	0.245107            	309.145989          	0.000000            	
60                  	17.054688           	0.241459            	309.074956          	0.000000            	
61                  	16.804688           	0.241430            	308.922851          	0.000000            	
62                  	16.781250           	0.240986            	308.910601          	0.000000            	
63                  	16.796875           	0.239806            	308.908099          	0.000000            	
64                  	16.796875           	0.239941            	308.839556          	0.000000            	
65                  	16.796875           	0.240128            	309.291558          	0.000000            	
66                  	16.796875           	0.239983            	308.762115          	0.000000            	
67                  	16.796875           	0.239931            	308.874112          	0.000000            	
68                  	16.796875           	0.239960            	308.908099          	0.000000            	
69                  	16.796875           	0.239966            	308.874112          	0.000000            	
70                  	16.796875           	0.239966            	308.883337          	0.000000            	
71                  	16.796875           	0.239990            	308.883337          	0.000000            	
72                  	16.796875           	0.240152            	309.314490          	0.000000            	
73                  	16.796875           	0.239705            	308.699369          	0.000000            	
74                  	16.796875           	0.239896            	309.160687          	0.000000            	
75                  	16.796875           	0.240080            	308.681715          	0.000000            	
76                  	16.796875           	0.240041            	309.523467          	0.000000            	
77                  	16.796875           	0.239788            	308.883337          	0.000000            	
78                  	16.796875           	0.239932            	308.839556          	0.000000            	
79                  	16.796875           	0.239876            	308.889655          	0.000000            	
80                  	16.796875           	0.239965            	309.314651          	0.000000            	
81                  	16.796875           	0.240065            	308.798969          	0.000000            	
82                  	16.796875           	0.239931            	308.798969          	0.000000            	
83                  	16.796875           	0.240150            	308.908099          	0.000000            	
84                  	16.796875           	0.239932            	308.704630          	0.000000            	
85                  	16.796875           	0.240243            	308.703222          	0.000000            	
86                  	16.796875           	0.239936            	308.699369          	0.000000            	
87                  	16.796875           	0.239985            	309.106167          	0.000000            	
88                  	16.796875           	0.240000            	308.824178          	0.000000            	
89                  	16.796875           	0.240243            	308.960277          	0.000000            	
90                  	16.796875           	0.239643            	308.960277          	0.000000            	
91                  	16.796875           	0.240094            	308.889655          	0.000000            	
92                  	16.796875           	0.240094            	308.758246          	0.000000            	
93                  	16.796875           	0.239932            	308.908099          	0.000000            	
94                  	16.796875           	0.239966            	308.883337          	0.000000            	
95                  	16.796875           	0.239944            	308.874112          	0.000000            	
96                  	16.796875           	0.239632            	308.908099          	0.000000            	
97                  	16.796875           	0.239595            	308.863704          	0.000000            	
98                  	16.796875           	0.239917            	308.889655          	0.000000            	
99                  	16.796875           	0.240034            	308.878222          	0.000000            	
